2.92,0.00,0.00
2.43,0.08,0.00
2.49,0.16,0.00
2.45,0.23,0.00
2.44,0.31,0.00
2.40,0.38,0.00
2.39,0.46,0.00
2.43,0.54,0.00
2.54,0.65,0.00
2.51,0.73,0.00
2.57,0.83,0.00
2.44,0.88,0.00
2.43,0.96,0.00
2.55,1.10,0.00
2.55,1.20,0.00
2.53,1.29,0.00
2.42,1.33,0.00
2.43,1.44,0.00
2.42,1.54,0.00
2.35,1.60,0.00
2.31,1.68,0.00
2.24,1.73,0.00
2.19,1.82,0.00
2.13,1.88,0.00
2.06,1.93,0.00
2.06,2.06,0.00
1.98,2.11,0.00
1.90,2.16,0.00
1.84,2.23,0.00
1.74,2.24,0.00
1.68,2.31,0.00
1.65,2.43,0.00
1.54,2.43,0.00
1.47,2.49,0.00
1.36,2.47,0.00
1.35,2.66,0.00
1.29,2.74,0.00
1.24,2.86,0.00
1.11,2.80,0.00
0.96,2.66,0.00
0.88,2.72,0.00
0.86,2.96,0.00
0.76,2.97,0.00
0.67,2.98,0.00
0.58,3.03,0.00
0.49,3.08,0.00
0.38,2.99,0.00
0.28,2.92,0.00
0.18,2.87,0.00
0.09,2.96,0.00
-0.00,2.87,0.00
-0.10,3.04,0.00
-0.19,3.09,0.00
-0.29,3.04,0.00
-0.39,3.08,0.00
-0.48,3.03,0.00
-0.57,3.01,0.00
-0.68,3.03,0.00
-0.76,2.98,0.00
-0.86,2.95,0.00
-0.96,2.96,0.00
-1.05,2.93,0.00
-1.13,2.87,0.00
-1.21,2.79,0.00
-1.30,2.76,0.00
-1.40,2.75,0.00
-1.49,2.71,0.00
-1.58,2.68,0.00
-1.65,2.61,0.00
-1.71,2.52,0.00
-1.84,2.53,0.00
-1.87,2.41,0.00
-1.96,2.36,0.00
-2.04,2.31,0.00
-2.10,2.24,0.00
-2.19,2.19,0.00
-2.22,2.08,0.00
-2.31,2.04,0.00
-2.38,1.97,0.00
-2.42,1.87,0.00
-2.49,1.81,0.00
-2.54,1.73,0.00
-2.71,1.72,0.00
-2.68,1.58,0.00
-2.68,1.47,0.00
-2.75,1.40,0.00
-2.80,1.32,0.00
-2.80,1.21,0.00
-2.89,1.14,0.00
-2.89,1.04,0.00
-2.96,0.96,0.00
-2.92,0.85,0.00
-2.99,0.77,0.00
-2.99,0.67,0.00
-3.04,0.58,0.00
-3.03,0.48,0.00
-3.04,0.38,0.00
-3.05,0.29,0.00
-3.05,0.19,0.00
-3.10,0.10,0.00
-3.08,-0.00,0.00
-3.07,-0.10,0.00
-3.07,-0.19,0.00
-3.00,-0.28,0.00
-2.95,-0.37,0.00
-2.86,-0.45,0.00
-3.01,-0.57,0.00
-2.97,-0.66,0.00
-2.97,-0.76,0.00
-2.94,-0.85,0.00
-2.80,-0.91,0.00
-2.64,-0.95,0.00
-2.70,-1.07,0.00
-2.51,-1.09,0.00
-2.40,-1.13,0.00
-2.41,-1.23,0.00
-2.46,-1.35,0.00
-2.45,-1.45,0.00
-2.39,-1.52,0.00
-2.39,-1.63,0.00
-2.26,-1.64,0.00
-2.10,-1.63,0.00
-1.99,-1.65,0.00
-1.94,-1.71,0.00
-1.92,-1.81,0.00
-1.83,-1.83,0.00
-1.90,-2.02,0.00
-1.71,-1.94,0.00
-1.66,-2.01,0.00
-1.63,-2.10,0.00
-1.43,-1.97,0.00
-1.35,-1.99,0.00
-1.32,-2.07,0.00
-1.34,-2.26,0.00
-1.24,-2.26,0.00
-1.26,-2.47,0.00
-1.17,-2.49,0.00
-1.14,-2.65,0.00
-1.07,-2.71,0.00
-0.92,-2.54,0.00
-0.85,-2.62,0.00
-0.77,-2.66,0.00
-0.69,-2.68,0.00
-0.57,-2.56,0.00
-0.49,-2.59,0.00
-0.40,-2.54,0.00
-0.35,-2.77,0.00
-0.25,-2.63,0.00
-0.16,-2.53,0.00
-0.08,-2.64,0.00
0.00,-2.48,0.00
0.08,-2.48,0.00
0.16,-2.49,0.00
0.22,-2.38,0.00
0.30,-2.39,0.00
0.38,-2.42,0.00
0.45,-2.35,0.00
0.53,-2.38,0.00
0.61,-2.39,0.00
0.68,-2.36,0.00
0.76,-2.35,0.00
0.85,-2.37,0.00
0.92,-2.33,0.00
0.97,-2.23,0.00
1.07,-2.28,0.00
1.13,-2.21,0.00
1.26,-2.29,0.00
1.32,-2.23,0.00
1.40,-2.21,0.00
1.51,-2.22,0.00
1.58,-2.17,0.00
1.59,-2.05,0.00
1.61,-1.95,0.00
1.70,-1.93,0.00
1.65,-1.76,0.00
1.72,-1.72,0.00
1.78,-1.67,0.00
1.82,-1.61,0.00
1.90,-1.57,0.00
1.97,-1.53,0.00
2.14,-1.56,0.00
2.17,-1.47,0.00
2.26,-1.43,0.00
2.23,-1.32,0.00
2.35,-1.29,0.00
2.32,-1.18,0.00
2.42,-1.14,0.00
2.44,-1.06,0.00
2.48,-0.98,0.00
2.52,-0.91,0.00
2.49,-0.81,0.00
2.58,-0.75,0.00
2.54,-0.65,0.00
2.56,-0.57,0.00
2.56,-0.49,0.00
2.65,-0.42,0.00
2.54,-0.32,0.00
2.64,-0.25,0.00
2.63,-0.17,0.00
2.68,-0.08,0.00
2.81,0.00,0.10
2.90,0.09,0.10
2.88,0.18,0.10
2.91,0.27,0.10
2.82,0.36,0.10
2.79,0.44,0.10
2.81,0.54,0.10
2.84,0.63,0.10
2.91,0.75,0.10
2.77,0.81,0.10
2.93,0.95,0.10
2.93,1.06,0.10
2.85,1.13,0.10
2.82,1.22,0.10
2.78,1.31,0.10
2.76,1.41,0.10
2.68,1.47,0.10
2.63,1.56,0.10
2.58,1.64,0.10
2.55,1.73,0.10
2.46,1.79,0.10
2.43,1.88,0.10
2.39,1.98,0.10
2.30,2.03,0.10
2.24,2.10,0.10
2.18,2.18,0.10
2.17,2.31,0.10
2.15,2.44,0.10
2.06,2.49,0.10
2.04,2.63,0.10
1.85,2.55,0.10
1.78,2.62,0.10
1.72,2.71,0.10
1.61,2.72,0.10
1.55,2.82,0.10
1.45,2.85,0.10
1.37,2.91,0.10
1.28,2.96,0.10
1.18,2.97,0.10
1.10,3.05,0.10
0.99,3.06,0.10
0.89,3.08,0.10
0.80,3.11,0.10
0.70,3.15,0.10
0.61,3.21,0.10
0.51,3.22,0.10
0.40,3.18,0.10
0.30,3.19,0.10
0.20,3.18,0.10
0.10,3.26,0.10
-0.00,3.28,0.10
-0.10,3.25,0.10
-0.20,3.23,0.10
-0.30,3.22,0.10
-0.40,3.20,0.10
-0.52,3.28,0.10
-0.62,3.26,0.10
-0.71,3.17,0.10
-0.82,3.19,0.10
-0.93,3.19,0.10
-1.01,3.12,0.10
-1.16,3.21,0.10
-1.25,3.15,0.10
-1.35,3.12,0.10
-1.39,2.95,0.10
-1.48,2.90,0.10
-1.56,2.84,0.10
-1.65,2.79,0.10
-1.72,2.71,0.10
-1.85,2.72,0.10
-1.95,2.68,0.10
-1.97,2.54,0.10
-2.04,2.47,0.10
-2.17,2.46,0.10
-2.22,2.37,0.10
-2.32,2.32,0.10
-2.36,2.22,0.10
-2.42,2.13,0.10
-2.49,2.06,0.10
-2.58,2.00,0.10
-2.67,1.94,0.10
-2.80,1.90,0.10
-2.85,1.81,0.10
-2.92,1.73,0.10
-2.87,1.58,0.10
-2.85,1.45,0.10
-2.92,1.37,0.10
-2.95,1.27,0.10
-3.00,1.19,0.10
-3.01,1.08,0.10
-3.06,0.99,0.10
-3.08,0.90,0.10
-3.09,0.79,0.10
-3.17,0.71,0.10
-3.23,0.62,0.10
-3.19,0.50,0.10
-3.20,0.40,0.10
-3.21,0.30,0.10
-3.27,0.21,0.10
-3.21,0.10,0.10
-3.23,-0.00,0.10
-3.20,-0.10,0.10
-3.20,-0.20,0.10
-3.21,-0.30,0.10
-3.16,-0.40,0.10
-3.11,-0.49,0.10
-3.08,-0.59,0.10
-3.16,-0.71,0.10
-3.11,-0.80,0.10
-3.07,-0.89,0.10
-2.96,-0.96,0.10
-2.89,-1.04,0.10
-2.83,-1.12,0.10
-2.79,-1.21,0.10
-2.70,-1.27,0.10
-2.67,-1.36,0.10
-2.65,-1.46,0.10
-2.66,-1.57,0.10
-2.58,-1.64,0.10
-2.54,-1.73,0.10
-2.48,-1.80,0.10
-2.30,-1.78,0.10
-2.17,-1.79,0.10
-2.08,-1.83,0.10
-2.11,-1.99,0.10
-2.09,-2.09,0.10
-1.91,-2.03,0.10
-1.89,-2.14,0.10
-1.76,-2.13,0.10
-1.73,-2.23,0.10
-1.56,-2.15,0.10
-1.46,-2.15,0.10
-1.40,-2.20,0.10
-1.41,-2.39,0.10
-1.41,-2.57,0.10
-1.32,-2.59,0.10
-1.27,-2.70,0.10
-1.19,-2.75,0.10
-1.12,-2.83,0.10
-0.96,-2.67,0.10
-0.93,-2.86,0.10
-0.81,-2.79,0.10
-0.74,-2.86,0.10
-0.62,-2.76,0.10
-0.53,-2.80,0.10
-0.44,-2.76,0.10
-0.36,-2.86,0.10
-0.27,-2.81,0.10
-0.18,-2.85,0.10
-0.09,-2.79,0.10
0.00,-2.79,0.10
0.08,-2.65,0.10
0.17,-2.67,0.10
0.24,-2.58,0.10
0.32,-2.54,0.10
0.42,-2.66,0.10
0.48,-2.52,0.10
0.58,-2.60,0.10
0.67,-2.59,0.10
0.77,-2.64,0.10
0.80,-2.46,0.10
0.90,-2.51,0.10
0.98,-2.47,0.10
1.06,-2.45,0.10
1.15,-2.44,0.10
1.22,-2.39,0.10
1.33,-2.42,0.10
1.42,-2.40,0.10
1.53,-2.41,0.10
1.58,-2.32,0.10
1.65,-2.27,0.10
1.59,-2.05,0.10
1.69,-2.04,0.10
1.72,-1.95,0.10
1.79,-1.91,0.10
1.80,-1.80,0.10
1.85,-1.74,0.10
1.95,-1.72,0.10
1.99,-1.64,0.10
2.19,-1.70,0.10
2.29,-1.67,0.10
2.28,-1.55,0.10
2.43,-1.54,0.10
2.45,-1.45,0.10
2.50,-1.37,0.10
2.48,-1.27,0.10
2.62,-1.23,0.10
2.55,-1.10,0.10
2.61,-1.03,0.10
2.67,-0.96,0.10
2.72,-0.88,0.10
2.65,-0.77,0.10
2.69,-0.69,0.10
2.78,-0.62,0.10
2.78,-0.53,0.10
2.73,-0.43,0.10
2.79,-0.35,0.10
2.81,-0.27,0.10
2.93,-0.18,0.10
2.76,-0.09,0.10
2.78,0.00,0.20
2.85,0.09,0.20
2.90,0.18,0.20
2.85,0.27,0.20
2.84,0.36,0.20
2.76,0.44,0.20
2.79,0.53,0.20
2.71,0.61,0.20
2.80,0.72,0.20
2.74,0.80,0.20
2.86,0.93,0.20
2.90,1.04,0.20
2.77,1.10,0.20
2.86,1.24,0.20
2.74,1.29,0.20
2.69,1.37,0.20
2.70,1.48,0.20
2.62,1.55,0.20
2.57,1.63,0.20
2.56,1.74,0.20
2.45,1.78,0.20
2.48,1.92,0.20
2.33,1.93,0.20
2.30,2.03,0.20
2.19,2.06,0.20
2.15,2.15,0.20
2.14,2.27,0.20
2.09,2.37,0.20
2.02,2.44,0.20
1.96,2.52,0.20
1.87,2.57,0.20
1.78,2.62,0.20
1.74,2.75,0.20
1.66,2.81,0.20
1.54,2.80,0.20
1.48,2.91,0.20
1.36,2.88,0.20
1.27,2.94,0.20
1.18,2.99,0.20
1.08,3.00,0.20
1.00,3.09,0.20
0.89,3.06,0.20
0.80,3.12,0.20
0.70,3.14,0.20
0.60,3.14,0.20
0.51,3.21,0.20
0.40,3.16,0.20
0.31,3.24,0.20
0.20,3.18,0.20
0.10,3.22,0.20
-0.00,3.23,0.20
-0.10,3.18,0.20
-0.20,3.18,0.20
-0.30,3.21,0.20
-0.40,3.18,0.20
-0.52,3.28,0.20
-0.61,3.18,0.20
-0.71,3.17,0.20
-0.79,3.09,0.20
-0.90,3.09,0.20
-0.99,3.06,0.20
-1.11,3.09,0.20
-1.23,3.10,0.20
-1.33,3.06,0.20
-1.37,2.90,0.20
-1.45,2.85,0.20
-1.56,2.83,0.20
-1.63,2.76,0.20
-1.72,2.71,0.20
-1.82,2.68,0.20
-1.90,2.62,0.20
-1.95,2.51,0.20
-2.03,2.45,0.20
-2.13,2.41,0.20
-2.32,2.47,0.20
-2.36,2.36,0.20
-2.34,2.20,0.20
-2.43,2.14,0.20
-2.49,2.06,0.20
-2.55,1.98,0.20
-2.69,1.95,0.20
-2.76,1.87,0.20
-2.84,1.80,0.20
-2.83,1.67,0.20
-2.91,1.60,0.20
-2.87,1.46,0.20
-2.89,1.36,0.20
-2.94,1.27,0.20
-2.98,1.18,0.20
-3.06,1.10,0.20
-3.02,0.98,0.20
-3.12,0.91,0.20
-3.10,0.80,0.20
-3.11,0.70,0.20
-3.15,0.60,0.20
-3.15,0.50,0.20
-3.33,0.42,0.20
-3.23,0.31,0.20
-3.21,0.20,0.20
-3.18,0.10,0.20
-3.18,-0.00,0.20
-3.23,-0.10,0.20
-3.25,-0.20,0.20
-3.16,-0.30,0.20
-3.20,-0.40,0.20
-3.11,-0.49,0.20
-3.10,-0.59,0.20
-3.14,-0.70,0.20
-3.06,-0.79,0.20
-2.97,-0.86,0.20
-2.90,-0.94,0.20
-2.84,-1.02,0.20
-2.79,-1.10,0.20
-2.74,-1.19,0.20
-2.71,-1.27,0.20
-2.63,-1.34,0.20
-2.54,-1.40,0.20
-2.65,-1.56,0.20
-2.56,-1.63,0.20
-2.52,-1.71,0.20
-2.43,-1.76,0.20
-2.19,-1.70,0.20
-2.18,-1.80,0.20
-2.08,-1.84,0.20
-2.03,-1.91,0.20
-2.02,-2.02,0.20
-1.94,-2.07,0.20
-1.82,-2.06,0.20
-1.74,-2.11,0.20
-1.60,-2.06,0.20
-1.53,-2.11,0.20
-1.45,-2.13,0.20
-1.36,-2.14,0.20
-1.37,-2.31,0.20
-1.31,-2.38,0.20
-1.27,-2.50,0.20
-1.19,-2.52,0.20
-1.16,-2.69,0.20
-1.08,-2.73,0.20
-0.94,-2.61,0.20
-0.87,-2.68,0.20
-0.78,-2.67,0.20
-0.69,-2.70,0.20
-0.62,-2.76,0.20
-0.52,-2.71,0.20
-0.44,-2.79,0.20
-0.35,-2.76,0.20
-0.26,-2.80,0.20
-0.19,-2.96,0.20
-0.08,-2.63,0.20
0.00,-2.72,0.20
0.08,-2.63,0.20
0.16,-2.55,0.20
0.25,-2.67,0.20
0.32,-2.54,0.20
0.41,-2.56,0.20
0.47,-2.46,0.20
0.57,-2.57,0.20
0.63,-2.46,0.20
0.72,-2.46,0.20
0.78,-2.40,0.20
0.85,-2.36,0.20
0.96,-2.43,0.20
1.01,-2.33,0.20
1.09,-2.32,0.20
1.14,-2.24,0.20
1.30,-2.37,0.20
1.35,-2.29,0.20
1.47,-2.32,0.20
1.55,-2.28,0.20
1.53,-2.11,0.20
1.59,-2.04,0.20
1.61,-1.95,0.20
1.67,-1.89,0.20
1.78,-1.89,0.20
1.83,-1.83,0.20
1.84,-1.73,0.20
1.99,-1.75,0.20
1.93,-1.59,0.20
2.08,-1.62,0.20
2.14,-1.55,0.20
2.26,-1.54,0.20
2.38,-1.51,0.20
2.38,-1.41,0.20
2.44,-1.34,0.20
2.49,-1.27,0.20
2.51,-1.18,0.20
2.60,-1.12,0.20
2.59,-1.03,0.20
2.68,-0.97,0.20
2.75,-0.90,0.20
2.65,-0.77,0.20
2.67,-0.69,0.20
2.75,-0.61,0.20
2.73,-0.52,0.20
2.74,-0.43,0.20
2.78,-0.35,0.20
2.81,-0.27,0.20
2.84,-0.18,0.20
2.77,-0.09,0.20
2.70,0.00,0.30
2.81,0.09,0.30
2.73,0.17,0.30
2.80,0.27,0.30
2.74,0.35,0.30
2.81,0.45,0.30
2.75,0.52,0.30
2.69,0.60,0.30
2.71,0.70,0.30
2.80,0.81,0.30
2.82,0.92,0.30
2.97,1.07,0.30
2.79,1.10,0.30
2.82,1.22,0.30
2.76,1.30,0.30
2.69,1.37,0.30
2.70,1.48,0.30
2.64,1.56,0.30
2.56,1.62,0.30
2.54,1.73,0.30
2.51,1.82,0.30
2.49,1.93,0.30
2.46,2.03,0.30
2.33,2.05,0.30
2.20,2.07,0.30
2.18,2.18,0.30
2.19,2.33,0.30
2.09,2.38,0.30
2.04,2.46,0.30
1.97,2.54,0.30
1.89,2.60,0.30
1.82,2.68,0.30
1.72,2.70,0.30
1.66,2.80,0.30
1.55,2.82,0.30
1.47,2.88,0.30
1.36,2.89,0.30
1.28,2.96,0.30
1.18,2.98,0.30
1.10,3.05,0.30
0.98,3.02,0.30
0.90,3.11,0.30
0.80,3.13,0.30
0.70,3.12,0.30
0.61,3.18,0.30
0.50,3.17,0.30
0.40,3.21,0.30
0.30,3.19,0.30
0.20,3.20,0.30
0.10,3.21,0.30
-0.00,3.21,0.30
-0.10,3.24,0.30
-0.20,3.21,0.30
-0.30,3.20,0.30
-0.40,3.20,0.30
-0.51,3.20,0.30
-0.62,3.24,0.30
-0.70,3.15,0.30
-0.80,3.12,0.30
-0.89,3.07,0.30
-0.99,3.04,0.30
-1.12,3.11,0.30
-1.25,3.16,0.30
-1.32,3.05,0.30
-1.36,2.88,0.30
-1.47,2.89,0.30
-1.56,2.84,0.30
-1.65,2.80,0.30
-1.78,2.80,0.30
-1.86,2.73,0.30
-1.89,2.60,0.30
-2.00,2.58,0.30
-2.05,2.48,0.30
-2.10,2.38,0.30
-2.27,2.42,0.30
-2.39,2.39,0.30
-2.39,2.24,0.30
-2.46,2.17,0.30
-2.51,2.08,0.30
-2.58,2.00,0.30
-2.76,2.00,0.30
-2.77,1.88,0.30
-2.87,1.82,0.30
-2.83,1.67,0.30
-2.83,1.56,0.30
-2.91,1.48,0.30
-2.88,1.35,0.30
-2.97,1.28,0.30
-3.00,1.19,0.30
-3.03,1.09,0.30
-3.07,1.00,0.30
-3.07,0.89,0.30
-3.13,0.80,0.30
-3.10,0.69,0.30
-3.20,0.61,0.30
-3.16,0.50,0.30
-3.16,0.40,0.30
-3.16,0.30,0.30
-3.23,0.20,0.30
-3.20,0.10,0.30
-3.21,-0.00,0.30
-3.27,-0.10,0.30
-3.17,-0.20,0.30
-3.19,-0.30,0.30
-3.10,-0.39,0.30
-2.99,-0.47,0.30
-3.07,-0.59,0.30
-3.10,-0.69,0.30
-2.97,-0.76,0.30
-2.94,-0.86,0.30
-2.88,-0.94,0.30
-2.86,-1.03,0.30
-2.81,-1.11,0.30
-2.59,-1.12,0.30
-2.55,-1.20,0.30
-2.47,-1.26,0.30
-2.64,-1.45,0.30
-2.61,-1.55,0.30
-2.57,-1.63,0.30
-2.53,-1.72,0.30
-2.34,-1.70,0.30
-2.21,-1.72,0.30
-2.25,-1.86,0.30
-2.09,-1.85,0.30
-2.00,-1.88,0.30
-2.03,-2.03,0.30
-1.91,-2.03,0.30
-1.85,-2.10,0.30
-1.72,-2.07,0.30
-1.64,-2.11,0.30
-1.50,-2.06,0.30
-1.42,-2.09,0.30
-1.39,-2.19,0.30
-1.37,-2.31,0.30
-1.32,-2.41,0.30
-1.30,-2.56,0.30
-1.18,-2.50,0.30
-1.09,-2.52,0.30
-1.09,-2.74,0.30
-0.95,-2.65,0.30
-0.87,-2.69,0.30
-0.80,-2.75,0.30
-0.70,-2.72,0.30
-0.61,-2.72,0.30
-0.53,-2.75,0.30
-0.45,-2.85,0.30
-0.35,-2.80,0.30
-0.26,-2.74,0.30
-0.17,-2.65,0.30
-0.08,-2.65,0.30
0.00,-2.71,0.30
0.08,-2.64,0.30
0.16,-2.60,0.30
0.24,-2.59,0.30
0.33,-2.61,0.30
0.40,-2.55,0.30
0.49,-2.55,0.30
0.54,-2.44,0.30
0.66,-2.55,0.30
0.71,-2.43,0.30
0.79,-2.42,0.30
0.88,-2.43,0.30
0.93,-2.34,0.30
1.05,-2.42,0.30
1.06,-2.26,0.30
1.15,-2.26,0.30
1.23,-2.23,0.30
1.40,-2.37,0.30
1.41,-2.22,0.30
1.50,-2.21,0.30
1.57,-2.16,0.30
1.56,-2.02,0.30
1.65,-1.99,0.30
1.65,-1.87,0.30
1.82,-1.94,0.30
1.79,-1.79,0.30
1.84,-1.73,0.30
1.91,-1.68,0.30
1.99,-1.64,0.30
2.11,-1.63,0.30
2.18,-1.59,0.30
2.28,-1.55,0.30
2.33,-1.48,0.30
2.42,-1.43,0.30
2.52,-1.38,0.30
2.46,-1.25,0.30
2.58,-1.22,0.30
2.50,-1.08,0.30
2.70,-1.07,0.30
2.63,-0.95,0.30
2.69,-0.87,0.30
2.63,-0.76,0.30
2.68,-0.69,0.30
2.74,-0.61,0.30
2.75,-0.52,0.30
2.76,-0.44,0.30
2.77,-0.35,0.30
2.91,-0.28,0.30
2.76,-0.17,0.30
2.82,-0.09,0.30
2.76,0.00,0.40
2.83,0.09,0.40
2.83,0.18,0.40
2.89,0.27,0.40
2.89,0.36,0.40
2.92,0.46,0.40
2.91,0.56,0.40
2.92,0.65,0.40
2.88,0.74,0.40
2.96,0.86,0.40
2.90,0.94,0.40
2.87,1.03,0.40
2.81,1.11,0.40
2.76,1.19,0.40
2.79,1.31,0.40
2.72,1.39,0.40
2.62,1.44,0.40
2.60,1.54,0.40
2.64,1.68,0.40
2.66,1.81,0.40
2.60,1.89,0.40
2.56,1.98,0.40
2.46,2.03,0.40
2.41,2.12,0.40
2.30,2.16,0.40
2.25,2.25,0.40
2.18,2.32,0.40
2.10,2.38,0.40
2.11,2.56,0.40
1.96,2.53,0.40
1.89,2.60,0.40
1.82,2.68,0.40
1.74,2.74,0.40
1.65,2.79,0.40
1.54,2.81,0.40
1.45,2.85,0.40
1.38,2.94,0.40
1.26,2.91,0.40
1.20,3.03,0.40
1.08,2.99,0.40
0.99,3.03,0.40
0.89,3.08,0.40
0.80,3.10,0.40
0.70,3.14,0.40
0.60,3.16,0.40
0.50,3.14,0.40
0.41,3.23,0.40
0.30,3.16,0.40
0.20,3.24,0.40
0.10,3.17,0.40
-0.00,3.22,0.40
-0.10,3.27,0.40
-0.20,3.21,0.40
-0.30,3.21,0.40
-0.41,3.22,0.40
-0.52,3.30,0.40
-0.63,3.29,0.40
-0.73,3.28,0.40
-0.81,3.14,0.40
-0.89,3.07,0.40
-1.07,3.29,0.40
-1.14,3.16,0.40
-1.27,3.20,0.40
-1.34,3.09,0.40
-1.44,3.05,0.40
-1.45,2.85,0.40
-1.59,2.90,0.40
-1.72,2.90,0.40
-1.80,2.83,0.40
-1.90,2.80,0.40
-1.93,2.66,0.40
-1.98,2.55,0.40
-2.07,2.50,0.40
-2.25,2.56,0.40
-2.31,2.46,0.40
-2.38,2.38,0.40
-2.47,2.31,0.40
-2.55,2.24,0.40
-2.60,2.15,0.40
-2.66,2.06,0.40
-2.71,1.97,0.40
-2.81,1.91,0.40
-2.85,1.81,0.40
-2.91,1.72,0.40
-2.94,1.62,0.40
-2.96,1.51,0.40
-3.02,1.42,0.40
-3.02,1.30,0.40
-3.11,1.23,0.40
-3.18,1.14,0.40
-3.25,1.06,0.40
-3.26,0.95,0.40
-3.22,0.83,0.40
-3.26,0.73,0.40
-3.37,0.64,0.40
-3.29,0.52,0.40
-3.32,0.42,0.40
-3.24,0.31,0.40
-3.23,0.20,0.40
-3.20,0.10,0.40
-3.18,-0.00,0.40
-3.21,-0.10,0.40
-3.22,-0.20,0.40
-3.20,-0.30,0.40
-3.15,-0.40,0.40
-3.17,-0.50,0.40
-3.12,-0.60,0.40
-3.19,-0.71,0.40
-3.01,-0.77,0.40
-2.93,-0.85,0.40
-2.88,-0.94,0.40
-2.87,-1.03,0.40
-2.80,-1.11,0.40
-2.76,-1.20,0.40
-2.71,-1.28,0.40
-2.58,-1.31,0.40
-2.69,-1.48,0.40
-2.61,-1.54,0.40
-2.54,-1.61,0.40
-2.52,-1.71,0.40
-2.41,-1.75,0.40
-2.22,-1.72,0.40
-2.17,-1.80,0.40
-2.15,-1.89,0.40
-2.04,-1.91,0.40
-1.94,-1.94,0.40
-1.87,-1.99,0.40
-1.86,-2.11,0.40
-1.74,-2.10,0.40
-1.70,-2.19,0.40
-1.51,-2.08,0.40
-1.45,-2.13,0.40
-1.36,-2.15,0.40
-1.36,-2.31,0.40
-1.42,-2.58,0.40
-1.33,-2.60,0.40
-1.27,-2.70,0.40
-1.22,-2.81,0.40
-1.07,-2.71,0.40
-0.96,-2.66,0.40
-0.84,-2.59,0.40
-0.79,-2.73,0.40
-0.70,-2.72,0.40
-0.63,-2.80,0.40
-0.52,-2.74,0.40
-0.44,-2.75,0.40
-0.35,-2.75,0.40
-0.26,-2.78,0.40
-0.18,-2.85,0.40
-0.09,-2.82,0.40
0.00,-2.75,0.40
0.09,-2.73,0.40
0.17,-2.65,0.40
0.25,-2.61,0.40
0.33,-2.59,0.40
0.42,-2.67,0.40
0.50,-2.65,0.40
0.56,-2.52,0.40
0.68,-2.64,0.40
0.72,-2.47,0.40
0.82,-2.52,0.40
0.86,-2.40,0.40
0.94,-2.37,0.40
1.00,-2.31,0.40
1.14,-2.42,0.40
1.21,-2.37,0.40
1.33,-2.42,0.40
1.44,-2.43,0.40
1.52,-2.39,0.40
1.57,-2.31,0.40
1.65,-2.28,0.40
1.65,-2.12,0.40
1.63,-1.97,0.40
1.72,-1.95,0.40
1.74,-1.85,0.40
1.88,-1.88,0.40
1.99,-1.87,0.40
2.00,-1.76,0.40
1.97,-1.63,0.40
2.19,-1.70,0.40
2.29,-1.66,0.40
2.36,-1.60,0.40
2.36,-1.50,0.40
2.42,-1.43,0.40
2.43,-1.33,0.40
2.52,-1.28,0.40
2.51,-1.18,0.40
2.51,-1.09,0.40
2.60,-1.03,0.40
2.59,-0.93,0.40
2.63,-0.85,0.40
2.74,-0.80,0.40
2.74,-0.70,0.40
2.74,-0.61,0.40
2.74,-0.52,0.40
2.84,-0.45,0.40
2.77,-0.35,0.40
2.83,-0.27,0.40
2.75,-0.17,0.40
2.80,-0.09,0.40
2.72,0.00,0.50
2.87,0.09,0.50
2.81,0.18,0.50
2.96,0.28,0.50
2.93,0.37,0.50
2.95,0.47,0.50
2.94,0.56,0.50
2.94,0.66,0.50
2.91,0.75,0.50
2.94,0.86,0.50
2.90,0.94,0.50
2.83,1.02,0.50
2.82,1.12,0.50
2.82,1.22,0.50
2.73,1.29,0.50
2.70,1.37,0.50
2.68,1.47,0.50
2.59,1.53,0.50
2.66,1.69,0.50
2.64,1.80,0.50
2.57,1.87,0.50
2.58,2.00,0.50
2.44,2.02,0.50
2.41,2.12,0.50
2.31,2.17,0.50
2.24,2.24,0.50
2.22,2.36,0.50
2.11,2.40,0.50
2.03,2.45,0.50
1.97,2.55,0.50
1.89,2.60,0.50
1.82,2.67,0.50
1.72,2.71,0.50
1.66,2.80,0.50
1.55,2.81,0.50
1.46,2.86,0.50
1.39,2.95,0.50
1.28,2.96,0.50
1.19,3.00,0.50
1.09,3.02,0.50
0.98,3.01,0.50
0.89,3.08,0.50
0.79,3.10,0.50
0.69,3.10,0.50
0.60,3.17,0.50
0.50,3.16,0.50
0.40,3.19,0.50
0.30,3.20,0.50
0.20,3.21,0.50
0.10,3.24,0.50
-0.00,3.19,0.50
-0.10,3.19,0.50
-0.20,3.18,0.50
-0.30,3.16,0.50
-0.41,3.26,0.50
-0.53,3.34,0.50
-0.63,3.31,0.50
-0.73,3.28,0.50
-0.81,3.17,0.50
-0.91,3.12,0.50
-1.03,3.17,0.50
-1.13,3.15,0.50
-1.25,3.16,0.50
-1.34,3.09,0.50
-1.44,3.06,0.50
-1.52,2.98,0.50
-1.56,2.84,0.50
-1.70,2.88,0.50
-1.82,2.87,0.50
-1.89,2.78,0.50
-2.00,2.75,0.50
-2.04,2.62,0.50
-2.16,2.61,0.50
-2.22,2.51,0.50
-2.32,2.47,0.50
-2.40,2.40,0.50
-2.44,2.29,0.50
-2.52,2.22,0.50
-2.58,2.14,0.50
-2.66,2.06,0.50
-2.72,1.97,0.50
-2.81,1.91,0.50
-2.83,1.80,0.50
-2.89,1.71,0.50
-2.95,1.62,0.50
-3.00,1.53,0.50
-2.98,1.40,0.50
-2.98,1.29,0.50
-3.14,1.24,0.50
-3.19,1.15,0.50
-3.21,1.04,0.50
-3.23,0.94,0.50
-3.28,0.84,0.50
-3.27,0.73,0.50
-3.35,0.64,0.50
-3.31,0.52,0.50
-3.31,0.42,0.50
-3.33,0.31,0.50
-3.25,0.20,0.50
-3.31,0.10,0.50
-3.19,-0.00,0.50
-3.29,-0.10,0.50
-3.25,-0.20,0.50
-3.20,-0.30,0.50
-3.17,-0.40,0.50
-3.17,-0.50,0.50
-3.15,-0.60,0.50
-3.08,-0.69,0.50
-2.94,-0.75,0.50
-2.91,-0.85,0.50
-2.89,-0.94,0.50
-2.85,-1.03,0.50
-2.79,-1.11,0.50
-2.79,-1.21,0.50
-2.72,-1.28,0.50
-2.71,-1.38,0.50
-2.60,-1.43,0.50
-2.63,-1.56,0.50
-2.60,-1.65,0.50
-2.54,-1.73,0.50
-2.33,-1.70,0.50
-2.23,-1.73,0.50
-2.27,-1.88,0.50
-2.16,-1.90,0.50
-2.06,-1.93,0.50
-2.00,-2.00,0.50
-1.97,-2.10,0.50
-1.84,-2.08,0.50
-1.83,-2.21,0.50
-1.69,-2.18,0.50
-1.55,-2.13,0.50
-1.44,-2.12,0.50
-1.34,-2.11,0.50
-1.33,-2.26,0.50
-1.32,-2.40,0.50
-1.31,-2.57,0.50
-1.24,-2.64,0.50
-1.17,-2.69,0.50
-1.09,-2.74,0.50
-0.96,-2.66,0.50
-0.93,-2.87,0.50
-0.77,-2.64,0.50
-0.70,-2.71,0.50
-0.62,-2.78,0.50
-0.51,-2.67,0.50
-0.44,-2.75,0.50
-0.36,-2.81,0.50
-0.26,-2.74,0.50
-0.18,-2.80,0.50
-0.09,-2.79,0.50
0.00,-2.72,0.50
0.09,-2.71,0.50
0.17,-2.69,0.50
0.25,-2.61,0.50
0.33,-2.64,0.50
0.39,-2.47,0.50
0.49,-2.57,0.50
0.61,-2.72,0.50
0.64,-2.50,0.50
0.72,-2.48,0.50
0.79,-2.44,0.50
0.85,-2.35,0.50
0.97,-2.46,0.50
1.00,-2.32,0.50
1.09,-2.31,0.50
1.20,-2.35,0.50
1.32,-2.40,0.50
1.40,-2.36,0.50
1.48,-2.34,0.50
1.52,-2.24,0.50
1.58,-2.17,0.50
1.66,-2.14,0.50
1.67,-2.02,0.50
1.75,-1.98,0.50
1.76,-1.87,0.50
1.87,-1.87,0.50
1.98,-1.86,0.50
2.09,-1.84,0.50
2.04,-1.69,0.50
2.21,-1.71,0.50
2.22,-1.61,0.50
2.30,-1.56,0.50
2.38,-1.51,0.50
2.42,-1.43,0.50
2.45,-1.35,0.50
2.50,-1.27,0.50
2.50,-1.18,0.50
2.59,-1.12,0.50
2.55,-1.01,0.50
2.60,-0.93,0.50
2.65,-0.86,0.50
2.67,-0.77,0.50
2.66,-0.68,0.50
2.80,-0.63,0.50
2.79,-0.53,0.50
2.76,-0.44,0.50
2.77,-0.35,0.50
2.75,-0.26,0.50
2.73,-0.17,0.50
2.74,-0.09,0.50
2.69,0.00,0.60
2.74,0.09,0.60
2.85,0.18,0.60
2.81,0.27,0.60
2.91,0.37,0.60
2.83,0.45,0.60
2.95,0.56,0.60
2.93,0.66,0.60
2.87,0.74,0.60
2.85,0.83,0.60
2.88,0.93,0.60
2.84,1.02,0.60
2.76,1.09,0.60
2.77,1.20,0.60
2.74,1.29,0.60
2.71,1.38,0.60
2.65,1.46,0.60
2.60,1.54,0.60
2.63,1.67,0.60
2.64,1.80,0.60
2.58,1.87,0.60
2.51,1.95,0.60
2.45,2.03,0.60
2.38,2.10,0.60
2.30,2.16,0.60
2.25,2.25,0.60
2.23,2.37,0.60
2.13,2.41,0.60
2.05,2.48,0.60
2.00,2.58,0.60
1.88,2.59,0.60
1.81,2.67,0.60
1.74,2.74,0.60
1.65,2.78,0.60
1.54,2.79,0.60
1.44,2.83,0.60
1.35,2.86,0.60
1.29,2.98,0.60
1.18,2.98,0.60
1.09,3.02,0.60
0.99,3.03,0.60
0.89,3.06,0.60
0.79,3.09,0.60
0.70,3.15,0.60
0.61,3.20,0.60
0.51,3.23,0.60
0.40,3.17,0.60
0.30,3.17,0.60
0.20,3.16,0.60
0.10,3.24,0.60
-0.00,3.22,0.60
-0.10,3.21,0.60
-0.20,3.17,0.60
-0.30,3.21,0.60
-0.40,3.17,0.60
-0.51,3.23,0.60
-0.61,3.21,0.60
-0.70,3.12,0.60
-0.80,3.13,0.60
-0.88,3.05,0.60
-1.00,3.08,0.60
-1.14,3.18,0.60
-1.24,3.14,0.60
-1.35,3.11,0.60
-1.42,3.02,0.60
-1.50,2.95,0.60
-1.61,2.92,0.60
-1.70,2.87,0.60
-1.80,2.83,0.60
-1.90,2.79,0.60
-1.98,2.72,0.60
-2.05,2.65,0.60
-2.14,2.59,0.60
-2.22,2.52,0.60
-2.33,2.48,0.60
-2.37,2.37,0.60
-2.45,2.30,0.60
-2.54,2.24,0.60
-2.60,2.15,0.60
-2.64,2.05,0.60
-2.77,2.01,0.60
-2.77,1.88,0.60
-2.85,1.81,0.60
-2.90,1.71,0.60
-2.93,1.61,0.60
-3.01,1.53,0.60
-3.03,1.43,0.60
-2.96,1.28,0.60
-3.08,1.22,0.60
-3.18,1.14,0.60
-3.25,1.06,0.60
-3.20,0.93,0.60
-3.23,0.83,0.60
-3.29,0.73,0.60
-3.26,0.62,0.60
-3.34,0.53,0.60
-3.35,0.42,0.60
-3.26,0.31,0.60
-3.31,0.21,0.60
-3.20,0.10,0.60
-3.21,-0.00,0.60
-3.24,-0.10,0.60
-3.22,-0.20,0.60
-3.18,-0.30,0.60
-3.13,-0.40,0.60
-3.12,-0.49,0.60
-3.02,-0.58,0.60
-2.94,-0.66,0.60
-2.96,-0.76,0.60
-2.84,-0.82,0.60
-2.88,-0.94,0.60
-2.80,-1.01,0.60
-2.73,-1.08,0.60
-2.70,-1.17,0.60
-2.65,-1.25,0.60
-2.56,-1.30,0.60
-2.58,-1.42,0.60
-2.63,-1.56,0.60
-2.54,-1.61,0.60
-2.54,-1.73,0.60
-2.31,-1.68,0.60
-2.24,-1.74,0.60
-2.18,-1.80,0.60
-2.12,-1.87,0.60
-2.05,-1.92,0.60
-1.94,-1.94,0.60
-1.91,-2.03,0.60
-1.83,-2.08,0.60
-1.70,-2.06,0.60
-1.71,-2.21,0.60
-1.52,-2.09,0.60
-1.44,-2.12,0.60
-1.38,-2.17,0.60
-1.28,-2.17,0.60
-1.31,-2.38,0.60
-1.24,-2.43,0.60
-1.20,-2.56,0.60
-1.14,-2.63,0.60
-1.06,-2.68,0.60
-0.96,-2.67,0.60
-0.86,-2.66,0.60
-0.79,-2.72,0.60
-0.68,-2.66,0.60
-0.61,-2.74,0.60
-0.52,-2.70,0.60
-0.44,-2.80,0.60
-0.35,-2.77,0.60
-0.27,-2.83,0.60
-0.18,-2.79,0.60
-0.09,-2.77,0.60
0.00,-2.82,0.60
0.09,-2.81,0.60
0.16,-2.61,0.60
0.24,-2.54,0.60
0.32,-2.55,0.60
0.41,-2.62,0.60
0.48,-2.51,0.60
0.54,-2.43,0.60
0.64,-2.49,0.60
0.70,-2.40,0.60
0.82,-2.52,0.60
0.86,-2.39,0.60
0.95,-2.39,0.60
1.03,-2.39,0.60
1.04,-2.22,0.60
1.18,-2.32,0.60
1.28,-2.34,0.60
1.37,-2.32,0.60
1.37,-2.16,0.60
1.48,-2.18,0.60
1.47,-2.02,0.60
1.56,-2.01,0.60
1.62,-1.96,0.60
1.69,-1.92,0.60
1.76,-1.88,0.60
1.82,-1.82,0.60
1.91,-1.80,0.60
2.02,-1.78,0.60
1.98,-1.63,0.60
2.19,-1.70,0.60
2.16,-1.57,0.60
2.28,-1.55,0.60
2.25,-1.43,0.60
2.39,-1.42,0.60
2.45,-1.35,0.60
2.39,-1.22,0.60
2.54,-1.20,0.60
2.53,-1.10,0.60
2.61,-1.04,0.60
2.66,-0.96,0.60
2.74,-0.89,0.60
2.72,-0.79,0.60
2.68,-0.69,0.60
2.75,-0.61,0.60
2.69,-0.51,0.60
2.78,-0.44,0.60
2.75,-0.35,0.60
2.72,-0.26,0.60
2.81,-0.18,0.60
2.85,-0.09,0.60
2.84,0.00,0.70
2.87,0.09,0.70
2.75,0.17,0.70
2.81,0.27,0.70
2.80,0.35,0.70
2.71,0.43,0.70
2.80,0.53,0.70
2.76,0.62,0.70
2.71,0.70,0.70
2.84,0.83,0.70
2.87,0.93,0.70
2.82,1.02,0.70
2.84,1.12,0.70
2.79,1.21,0.70
2.73,1.29,0.70
2.69,1.37,0.70
2.67,1.47,0.70
2.63,1.56,0.70
2.64,1.68,0.70
2.65,1.80,0.70
2.59,1.88,0.70
2.54,1.97,0.70
2.45,2.03,0.70
2.40,2.11,0.70
2.32,2.18,0.70
2.26,2.26,0.70
2.20,2.34,0.70
2.14,2.43,0.70
2.03,2.45,0.70
1.98,2.56,0.70
1.90,2.62,0.70
1.83,2.69,0.70
1.74,2.74,0.70
1.62,2.74,0.70
1.54,2.80,0.70
1.47,2.89,0.70
1.38,2.93,0.70
1.28,2.96,0.70
1.18,2.97,0.70
1.09,3.02,0.70
0.99,3.05,0.70
0.90,3.08,0.70
0.81,3.16,0.70
0.70,3.12,0.70
0.60,3.15,0.70
0.50,3.18,0.70
0.40,3.16,0.70
0.30,3.16,0.70
0.20,3.16,0.70
0.10,3.22,0.70
-0.00,3.20,0.70
-0.10,3.19,0.70
-0.20,3.19,0.70
-0.30,3.21,0.70
-0.40,3.15,0.70
-0.50,3.18,0.70
-0.59,3.11,0.70
-0.70,3.14,0.70
-0.80,3.13,0.70
-0.89,3.07,0.70
-0.99,3.05,0.70
-1.13,3.13,0.70
-1.25,3.17,0.70
-1.34,3.09,0.70
-1.44,3.06,0.70
-1.50,2.95,0.70
-1.62,2.95,0.70
-1.72,2.91,0.70
-1.76,2.78,0.70
-1.89,2.78,0.70
-1.99,2.73,0.70
-2.08,2.68,0.70
-2.14,2.59,0.70
-2.22,2.52,0.70
-2.35,2.51,0.70
-2.40,2.40,0.70
-2.45,2.30,0.70
-2.53,2.23,0.70
-2.57,2.13,0.70
-2.64,2.05,0.70
-2.74,1.99,0.70
-2.77,1.88,0.70
-2.82,1.79,0.70
-2.98,1.76,0.70
-2.95,1.62,0.70
-2.98,1.52,0.70
-3.07,1.44,0.70
-2.94,1.27,0.70
-3.06,1.21,0.70
-3.11,1.12,0.70
-3.09,1.00,0.70
-3.20,0.93,0.70
-3.22,0.83,0.70
-3.28,0.73,0.70
-3.30,0.63,0.70
-3.28,0.52,0.70
-3.31,0.42,0.70
-3.25,0.31,0.70
-3.16,0.20,0.70
-3.25,0.10,0.70
-3.21,-0.00,0.70
-3.22,-0.10,0.70
-3.18,-0.20,0.70
-3.14,-0.30,0.70
-3.16,-0.40,0.70
-3.06,-0.48,0.70
-2.98,-0.57,0.70
-2.98,-0.67,0.70
-2.94,-0.75,0.70
-2.71,-0.79,0.70
-2.63,-0.85,0.70
-2.74,-0.99,0.70
-2.56,-1.01,0.70
-2.62,-1.14,0.70
-2.53,-1.19,0.70
-2.46,-1.26,0.70
-2.52,-1.38,0.70
-2.62,-1.55,0.70
-2.44,-1.55,0.70
-2.31,-1.57,0.70
-2.22,-1.62,0.70
-2.23,-1.73,0.70
-2.29,-1.90,0.70
-2.09,-1.84,0.70
-2.02,-1.90,0.70
-1.95,-1.95,0.70
-1.96,-2.08,0.70
-1.78,-2.01,0.70
-1.65,-2.00,0.70
-1.56,-2.01,0.70
-1.44,-1.98,0.70
-1.39,-2.04,0.70
-1.31,-2.07,0.70
-1.30,-2.20,0.70
-1.23,-2.24,0.70
-1.26,-2.47,0.70
-1.19,-2.52,0.70
-1.11,-2.56,0.70
-1.02,-2.57,0.70
-0.95,-2.64,0.70
-0.87,-2.69,0.70
-0.77,-2.65,0.70
-0.70,-2.73,0.70
-0.60,-2.70,0.70
-0.53,-2.75,0.70
-0.42,-2.67,0.70
-0.35,-2.80,0.70
-0.24,-2.57,0.70
-0.18,-2.80,0.70
-0.08,-2.59,0.70
0.00,-2.71,0.70
0.08,-2.51,0.70
0.16,-2.56,0.70
0.24,-2.53,0.70
0.32,-2.56,0.70
0.40,-2.54,0.70
0.48,-2.51,0.70
0.56,-2.49,0.70
0.63,-2.45,0.70
0.72,-2.48,0.70
0.78,-2.40,0.70
0.85,-2.35,0.70
0.93,-2.35,0.70
0.95,-2.20,0.70
1.06,-2.24,0.70
1.13,-2.22,0.70
1.27,-2.32,0.70
1.36,-2.29,0.70
1.34,-2.12,0.70
1.45,-2.14,0.70
1.49,-2.04,0.70
1.54,-1.98,0.70
1.63,-1.97,0.70
1.68,-1.91,0.70
1.75,-1.87,0.70
1.79,-1.79,0.70
1.87,-1.76,0.70
1.88,-1.66,0.70
1.98,-1.64,0.70
1.99,-1.55,0.70
2.07,-1.50,0.70
2.12,-1.44,0.70
2.16,-1.37,0.70
2.29,-1.35,0.70
2.28,-1.25,0.70
2.29,-1.17,0.70
2.30,-1.08,0.70
2.53,-1.10,0.70
2.60,-1.03,0.70
2.59,-0.93,0.70
2.74,-0.89,0.70
2.68,-0.78,0.70
2.80,-0.72,0.70
2.71,-0.61,0.70
2.75,-0.52,0.70
2.76,-0.44,0.70
2.70,-0.34,0.70
2.76,-0.26,0.70
2.85,-0.18,0.70
2.74,-0.09,0.70
2.71,0.00,0.80
2.85,0.09,0.80
2.78,0.18,0.80
2.77,0.26,0.80
2.82,0.36,0.80
2.73,0.43,0.80
2.75,0.52,0.80
2.73,0.61,0.80
2.64,0.68,0.80
2.83,0.82,0.80
2.85,0.92,0.80
2.83,1.02,0.80
2.84,1.12,0.80
2.80,1.21,0.80
2.72,1.28,0.80
2.72,1.39,0.80
2.66,1.46,0.80
2.61,1.55,0.80
2.64,1.67,0.80
2.69,1.83,0.80
2.57,1.87,0.80
2.58,2.00,0.80
2.50,2.07,0.80
2.41,2.13,0.80
2.31,2.17,0.80
2.30,2.30,0.80
2.17,2.31,0.80
2.11,2.40,0.80
2.02,2.44,0.80
1.95,2.52,0.80
1.89,2.60,0.80
1.80,2.65,0.80
1.72,2.71,0.80
1.62,2.74,0.80
1.54,2.80,0.80
1.44,2.83,0.80
1.35,2.88,0.80
1.26,2.90,0.80
1.18,2.97,0.80
1.07,2.99,0.80
0.99,3.06,0.80
0.89,3.06,0.80
0.80,3.13,0.80
0.69,3.07,0.80
0.60,3.16,0.80
0.50,3.15,0.80
0.40,3.19,0.80
0.31,3.26,0.80
0.20,3.22,0.80
0.10,3.23,0.80
-0.00,3.18,0.80
-0.10,3.20,0.80
-0.20,3.18,0.80
-0.30,3.16,0.80
-0.40,3.18,0.80
-0.50,3.17,0.80
-0.60,3.16,0.80
-0.70,3.12,0.80
-0.80,3.10,0.80
-0.89,3.07,0.80
-0.99,3.06,0.80
-1.11,3.08,0.80
-1.23,3.11,0.80
-1.34,3.09,0.80
-1.42,3.02,0.80
-1.51,2.96,0.80
-1.61,2.94,0.80
-1.73,2.92,0.80
-1.78,2.80,0.80
-1.90,2.80,0.80
-2.00,2.76,0.80
-2.06,2.65,0.80
-2.12,2.56,0.80
-2.21,2.51,0.80
-2.31,2.46,0.80
-2.39,2.39,0.80
-2.44,2.29,0.80
-2.54,2.24,0.80
-2.62,2.17,0.80
-2.66,2.06,0.80
-2.71,1.97,0.80
-2.80,1.90,0.80
-2.86,1.81,0.80
-2.92,1.72,0.80
-3.04,1.67,0.80
-3.03,1.54,0.80
-3.09,1.45,0.80
-3.01,1.30,0.80
-3.01,1.19,0.80
-3.11,1.12,0.80
-3.07,1.00,0.80
-3.13,0.91,0.80
-3.22,0.83,0.80
-3.25,0.73,0.80
-3.28,0.63,0.80
-3.30,0.52,0.80
-3.26,0.41,0.80
-3.23,0.31,0.80
-3.20,0.20,0.80
-3.21,0.10,0.80
-3.22,-0.00,0.80
-3.16,-0.10,0.80
-3.28,-0.21,0.80
-3.18,-0.30,0.80
-3.12,-0.39,0.80
-3.05,-0.48,0.80
-2.97,-0.57,0.80
-2.93,-0.66,0.80
-2.79,-0.72,0.80
-2.76,-0.80,0.80
-2.66,-0.86,0.80
-2.64,-0.95,0.80
-2.54,-1.01,0.80
-2.62,-1.13,0.80
-2.50,-1.18,0.80
-2.48,-1.27,0.80
-2.50,-1.38,0.80
-2.37,-1.40,0.80
-2.46,-1.56,0.80
-2.27,-1.54,0.80
-2.25,-1.63,0.80
-2.20,-1.70,0.80
-2.14,-1.77,0.80
-2.14,-1.88,0.80
-2.04,-1.92,0.80
-1.96,-1.96,0.80
-1.88,-2.00,0.80
-1.73,-1.96,0.80
-1.67,-2.02,0.80
-1.56,-2.01,0.80
-1.53,-2.10,0.80
-1.37,-2.02,0.80
-1.33,-2.09,0.80
-1.30,-2.21,0.80
-1.22,-2.23,0.80
-1.20,-2.35,0.80
-1.14,-2.42,0.80
-1.09,-2.53,0.80
-1.04,-2.63,0.80
-0.93,-2.58,0.80
-0.86,-2.63,0.80
-0.75,-2.59,0.80
-0.69,-2.67,0.80
-0.57,-2.54,0.80
-0.52,-2.71,0.80
-0.45,-2.81,0.80
-0.34,-2.69,0.80
-0.26,-2.77,0.80
-0.16,-2.58,0.80
-0.08,-2.53,0.80
0.00,-2.56,0.80
0.08,-2.55,0.80
0.16,-2.48,0.80
0.25,-2.61,0.80
0.32,-2.53,0.80
0.41,-2.58,0.80
0.48,-2.52,0.80
0.57,-2.55,0.80
0.61,-2.38,0.80
0.65,-2.23,0.80
0.72,-2.22,0.80
0.87,-2.43,0.80
0.89,-2.25,0.80
0.92,-2.13,0.80
1.02,-2.16,0.80
1.13,-2.23,0.80
1.21,-2.20,0.80
1.30,-2.21,0.80
1.34,-2.10,0.80
1.45,-2.13,0.80
1.47,-2.02,0.80
1.51,-1.95,0.80
1.62,-1.96,0.80
1.72,-1.95,0.80
1.72,-1.83,0.80
1.83,-1.83,0.80
1.82,-1.70,0.80
1.91,-1.69,0.80
1.99,-1.65,0.80
2.01,-1.56,0.80
2.09,-1.52,0.80
2.21,-1.50,0.80
2.14,-1.36,0.80
2.21,-1.31,0.80
2.19,-1.21,0.80
2.34,-1.19,0.80
2.29,-1.08,0.80
2.50,-1.08,0.80
2.64,-1.04,0.80
2.65,-0.95,0.80
2.75,-0.89,0.80
2.67,-0.77,0.80
2.79,-0.72,0.80
2.68,-0.60,0.80
2.70,-0.52,0.80
2.80,-0.44,0.80
2.71,-0.34,0.80
2.79,-0.26,0.80
2.73,-0.17,0.80
2.84,-0.09,0.80
2.72,0.00,0.90
2.77,0.09,0.90
2.84,0.18,0.90
2.82,0.27,0.90
2.86,0.36,0.90
2.73,0.43,0.90
2.78,0.53,0.90
2.71,0.60,0.90
2.77,0.71,0.90
2.80,0.81,0.90
2.84,0.92,0.90
2.88,1.04,0.90
2.82,1.12,0.90
2.78,1.20,0.90
2.83,1.33,0.90
2.81,1.43,0.90
2.75,1.51,0.90
2.78,1.65,0.90
2.71,1.72,0.90
2.76,1.88,0.90
2.68,1.95,0.90
2.68,2.08,0.90
2.55,2.11,0.90
2.44,2.15,0.90
2.35,2.20,0.90
2.29,2.29,0.90
2.20,2.34,0.90
2.10,2.39,0.90
2.04,2.47,0.90
1.98,2.55,0.90
1.87,2.58,0.90
1.82,2.67,0.90
1.70,2.68,0.90
1.63,2.75,0.90
1.55,2.82,0.90
1.45,2.85,0.90
1.38,2.93,0.90
1.27,2.93,0.90
1.17,2.95,0.90
1.08,3.01,0.90
0.99,3.03,0.90
0.89,3.07,0.90
0.80,3.11,0.90
0.70,3.14,0.90
0.60,3.16,0.90
0.50,3.14,0.90
0.41,3.21,0.90
0.30,3.15,0.90
0.20,3.21,0.90
0.10,3.16,0.90
-0.00,3.20,0.90
-0.10,3.19,0.90
-0.20,3.19,0.90
-0.30,3.19,0.90
-0.41,3.22,0.90
-0.51,3.24,0.90
-0.60,3.12,0.90
-0.70,3.15,0.90
-0.79,3.09,0.90
-0.89,3.06,0.90
-1.03,3.16,0.90
-1.14,3.17,0.90
-1.25,3.14,0.90
-1.33,3.08,0.90
-1.44,3.06,0.90
-1.55,3.04,0.90
-1.62,2.94,0.90
-1.73,2.92,0.90
-1.86,2.93,0.90
-1.97,2.89,0.90
-2.09,2.87,0.90
-2.14,2.76,0.90
-2.13,2.58,0.90
-2.23,2.53,0.90
-2.31,2.46,0.90
-2.38,2.38,0.90
-2.46,2.31,0.90
-2.55,2.25,0.90
-2.59,2.14,0.90
-2.66,2.06,0.90
-2.73,1.98,0.90
-2.79,1.90,0.90
-2.89,1.83,0.90
-2.91,1.72,0.90
-2.94,1.62,0.90
-3.04,1.55,0.90
-3.03,1.42,0.90
-3.09,1.34,0.90
-3.15,1.25,0.90
-3.17,1.14,0.90
-3.09,1.00,0.90
-3.23,0.94,0.90
-3.26,0.84,0.90
-3.29,0.73,0.90
-3.31,0.63,0.90
-3.33,0.53,0.90
-3.32,0.42,0.90
-3.32,0.31,0.90
-3.19,0.20,0.90
-3.24,0.10,0.90
-3.22,-0.00,0.90
-3.36,-0.11,0.90
-3.29,-0.21,0.90
-3.22,-0.30,0.90
-3.16,-0.40,0.90
-3.09,-0.49,0.90
-3.04,-0.58,0.90
-2.86,-0.64,0.90
-2.90,-0.74,0.90
-2.75,-0.80,0.90
-2.70,-0.88,0.90
-2.65,-0.95,0.90
-2.55,-1.01,0.90
-2.55,-1.10,0.90
-2.60,-1.22,0.90
-2.56,-1.31,0.90
-2.48,-1.36,0.90
-2.37,-1.40,0.90
-2.38,-1.51,0.90
-2.36,-1.60,0.90
-2.20,-1.60,0.90
-2.22,-1.73,0.90
-2.12,-1.75,0.90
-2.11,-1.86,0.90
-2.02,-1.89,0.90
-2.00,-2.00,0.90
-1.89,-2.01,0.90
-1.84,-2.09,0.90
-1.73,-2.09,0.90
-1.68,-2.17,0.90
-1.48,-2.04,0.90
-1.50,-2.20,0.90
-1.35,-2.12,0.90
-1.29,-2.18,0.90
-1.24,-2.25,0.90
-1.22,-2.40,0.90
-1.17,-2.50,0.90
-1.11,-2.56,0.90
-1.03,-2.60,0.90
-0.92,-2.56,0.90
-0.89,-2.74,0.90
-0.81,-2.80,0.90
-0.70,-2.71,0.90
-0.59,-2.64,0.90
-0.51,-2.68,0.90
-0.44,-2.77,0.90
-0.34,-2.69,0.90
-0.25,-2.67,0.90
-0.18,-2.81,0.90
-0.08,-2.68,0.90
0.00,-2.62,0.90
0.08,-2.53,0.90
0.17,-2.63,0.90
0.25,-2.61,0.90
0.32,-2.56,0.90
0.40,-2.51,0.90
0.49,-2.56,0.90
0.56,-2.53,0.90
0.63,-2.47,0.90
0.70,-2.41,0.90
0.78,-2.39,0.90
0.84,-2.33,0.90
0.92,-2.33,0.90
1.00,-2.30,0.90
1.02,-2.18,0.90
1.18,-2.31,0.90
1.24,-2.25,0.90
1.32,-2.22,0.90
1.35,-2.12,0.90
1.45,-2.13,0.90
1.50,-2.07,0.90
1.50,-1.94,0.90
1.69,-2.04,0.90
1.78,-2.01,0.90
1.73,-1.84,0.90
1.79,-1.79,0.90
1.85,-1.74,0.90
1.96,-1.73,0.90
1.97,-1.63,0.90
2.15,-1.67,0.90
2.17,-1.58,0.90
2.14,-1.46,0.90
2.16,-1.37,0.90
2.15,-1.27,0.90
2.27,-1.25,0.90
2.28,-1.16,0.90
2.49,-1.17,0.90
2.53,-1.09,0.90
2.64,-1.04,0.90
2.70,-0.97,0.90
2.62,-0.85,0.90
2.72,-0.79,0.90
2.72,-0.70,0.90
2.69,-0.60,0.90
2.79,-0.53,0.90
2.71,-0.43,0.90
2.79,-0.35,0.90
2.78,-0.26,0.90
2.84,-0.18,0.90
2.80,-0.09,0.90
2.69,0.00,1.00
2.83,0.09,1.00
2.84,0.18,1.00
2.85,0.27,1.00
2.79,0.35,1.00
2.78,0.44,1.00
2.78,0.53,1.00
2.70,0.60,1.00
2.92,0.75,1.00
2.72,0.79,1.00
2.93,0.95,1.00
2.86,1.03,1.00
2.82,1.12,1.00
2.88,1.25,1.00
2.90,1.37,1.00
2.82,1.44,1.00
2.86,1.57,1.00
2.77,1.64,1.00
2.76,1.75,1.00
2.76,1.88,1.00
2.73,1.98,1.00
2.68,2.08,1.00
2.65,2.19,1.00
2.46,2.17,1.00
2.36,2.22,1.00
2.29,2.29,1.00
2.19,2.33,1.00
2.14,2.43,1.00
2.01,2.43,1.00
1.96,2.53,1.00
1.87,2.57,1.00
1.81,2.66,1.00
1.72,2.70,1.00
1.64,2.77,1.00
1.55,2.82,1.00
1.45,2.85,1.00
1.36,2.88,1.00
1.28,2.96,1.00
1.18,2.99,1.00
1.08,3.00,1.00
0.99,3.05,1.00
0.90,3.09,1.00
0.81,3.17,1.00
0.70,3.14,1.00
0.61,3.19,1.00
0.50,3.16,1.00
0.41,3.27,1.00
0.31,3.33,1.00
0.20,3.25,1.00
0.10,3.18,1.00
-0.00,3.19,1.00
-0.10,3.16,1.00
-0.20,3.18,1.00
-0.30,3.21,1.00
-0.40,3.17,1.00
-0.50,3.16,1.00
-0.60,3.16,1.00
-0.69,3.10,1.00
-0.80,3.12,1.00
-0.90,3.11,1.00
-1.02,3.14,1.00
-1.15,3.21,1.00
-1.23,3.11,1.00
-1.34,3.09,1.00
-1.44,3.06,1.00
-1.54,3.02,1.00
-1.63,2.96,1.00
-1.73,2.93,1.00
-1.86,2.94,1.00
-1.99,2.93,1.00
-2.09,2.87,1.00
-2.17,2.79,1.00
-2.22,2.68,1.00
-2.25,2.55,1.00
-2.27,2.42,1.00
-2.41,2.41,1.00
-2.45,2.30,1.00
-2.51,2.22,1.00
-2.63,2.18,1.00
-2.70,2.09,1.00
-2.73,1.98,1.00
-2.81,1.91,1.00
-2.82,1.79,1.00
-2.90,1.72,1.00
-2.96,1.63,1.00
-3.07,1.56,1.00
-3.04,1.43,1.00
-3.08,1.33,1.00
-3.14,1.24,1.00
-3.18,1.14,1.00
-3.15,1.02,1.00
-3.25,0.94,1.00
-3.28,0.84,1.00
-3.30,0.74,1.00
-3.31,0.63,1.00
-3.31,0.52,1.00
-3.34,0.42,1.00
-3.37,0.32,1.00
-3.32,0.21,1.00
-3.20,0.10,1.00
-3.30,-0.00,1.00
-3.33,-0.10,1.00
-3.35,-0.21,1.00
-3.23,-0.31,1.00
-3.15,-0.40,1.00
-3.14,-0.50,1.00
-3.04,-0.58,1.00
-2.92,-0.65,1.00
-2.83,-0.73,1.00
-2.81,-0.82,1.00
-2.71,-0.88,1.00
-2.74,-0.99,1.00
-2.67,-1.06,1.00
-2.53,-1.09,1.00
-2.59,-1.22,1.00
-2.50,-1.28,1.00
-2.45,-1.35,1.00
-2.42,-1.43,1.00
-2.39,-1.52,1.00
-2.33,-1.58,1.00
-2.22,-1.62,1.00
-2.22,-1.72,1.00
-2.20,-1.82,1.00
-2.08,-1.83,1.00
-2.00,-1.88,1.00
-2.00,-2.00,1.00
-1.90,-2.03,1.00
-1.79,-2.03,1.00
-1.73,-2.09,1.00
-1.61,-2.08,1.00
-1.51,-2.08,1.00
-1.43,-2.11,1.00
-1.39,-2.19,1.00
-1.29,-2.18,1.00
-1.23,-2.24,1.00
-1.20,-2.36,1.00
-1.20,-2.55,1.00
-1.10,-2.53,1.00
-1.00,-2.53,1.00
-0.95,-2.65,1.00
-0.86,-2.64,1.00
-0.77,-2.65,1.00
-0.68,-2.65,1.00
-0.59,-2.64,1.00
-0.50,-2.61,1.00
-0.41,-2.59,1.00
-0.35,-2.77,1.00
-0.26,-2.79,1.00
-0.17,-2.75,1.00
-0.08,-2.63,1.00
0.00,-2.59,1.00
0.09,-2.73,1.00
0.16,-2.53,1.00
0.24,-2.56,1.00
0.32,-2.57,1.00
0.40,-2.52,1.00
0.48,-2.50,1.00
0.55,-2.48,1.00
0.63,-2.46,1.00
0.72,-2.47,1.00
0.76,-2.35,1.00
0.83,-2.32,1.00
0.93,-2.34,1.00
0.99,-2.28,1.00
1.04,-2.20,1.00
1.16,-2.27,1.00
1.19,-2.17,1.00
1.29,-2.18,1.00
1.42,-2.24,1.00
1.40,-2.06,1.00
1.47,-2.02,1.00
1.48,-1.91,1.00
1.54,-1.86,1.00
1.65,-1.87,1.00
1.67,-1.78,1.00
1.87,-1.87,1.00
1.86,-1.75,1.00
1.91,-1.68,1.00
1.93,-1.59,1.00
2.15,-1.67,1.00
2.25,-1.63,1.00
2.20,-1.49,1.00
2.13,-1.35,1.00
2.19,-1.29,1.00
2.26,-1.24,1.00
2.24,-1.14,1.00
2.36,-1.11,1.00
2.52,-1.09,1.00
2.57,-1.02,1.00
2.63,-0.95,1.00
2.71,-0.88,1.00
2.70,-0.78,1.00
2.70,-0.69,1.00
2.70,-0.60,1.00
2.73,-0.52,1.00
2.77,-0.44,1.00
2.80,-0.35,1.00
2.77,-0.26,1.00
2.80,-0.18,1.00
2.80,-0.09,1.00
2.76,0.00,1.10
2.77,0.09,1.10
2.86,0.18,1.10
2.75,0.26,1.10
2.76,0.35,1.10
2.74,0.43,1.10
2.74,0.52,1.10
2.69,0.60,1.10
2.80,0.72,1.10
2.66,0.77,1.10
2.87,0.93,1.10
2.84,1.02,1.10
2.83,1.12,1.10
2.78,1.20,1.10
2.93,1.38,1.10
2.85,1.45,1.10
2.85,1.57,1.10
2.73,1.62,1.10
2.68,1.70,1.10
2.78,1.89,1.10
2.76,2.00,1.10
2.66,2.06,1.10
2.58,2.14,1.10
2.39,2.11,1.10
2.37,2.22,1.10
2.26,2.26,1.10
2.19,2.33,1.10
2.13,2.42,1.10
2.03,2.46,1.10
1.97,2.55,1.10
1.89,2.61,1.10
1.82,2.67,1.10
1.70,2.68,1.10
1.63,2.75,1.10
1.54,2.80,1.10
1.47,2.88,1.10
1.37,2.90,1.10
1.28,2.96,1.10
1.19,3.00,1.10
1.09,3.04,1.10
1.01,3.10,1.10
0.90,3.11,1.10
0.79,3.08,1.10
0.71,3.17,1.10
0.60,3.13,1.10
0.51,3.19,1.10
0.42,3.32,1.10
0.31,3.31,1.10
0.20,3.25,1.10
0.10,3.21,1.10
-0.00,3.20,1.10
-0.10,3.21,1.10
-0.20,3.19,1.10
-0.30,3.15,1.10
-0.40,3.18,1.10
-0.50,3.16,1.10
-0.60,3.12,1.10
-0.70,3.12,1.10
-0.81,3.15,1.10
-0.90,3.11,1.10
-1.02,3.14,1.10
-1.15,3.19,1.10
-1.23,3.12,1.10
-1.34,3.10,1.10
-1.43,3.04,1.10
-1.53,3.01,1.10
-1.64,2.99,1.10
-1.70,2.87,1.10
-1.88,2.96,1.10
-2.03,2.99,1.10
-2.12,2.92,1.10
-2.16,2.78,1.10
-2.18,2.64,1.10
-2.27,2.57,1.10
-2.29,2.44,1.10
-2.38,2.38,1.10
-2.46,2.31,1.10
-2.55,2.25,1.10
-2.59,2.14,1.10
-2.67,2.07,1.10
-2.73,1.99,1.10
-2.77,1.88,1.10
-2.88,1.83,1.10
-2.94,1.74,1.10
-2.94,1.62,1.10
-2.98,1.52,1.10
-3.07,1.44,1.10
-3.13,1.36,1.10
-3.10,1.23,1.10
-3.18,1.15,1.10
-3.25,1.06,1.10
-3.27,0.95,1.10
-3.26,0.84,1.10
-3.26,0.73,1.10
-3.36,0.64,1.10
-3.30,0.52,1.10
-3.30,0.42,1.10
-3.33,0.31,1.10
-3.40,0.21,1.10
-3.24,0.10,1.10
-3.37,-0.00,1.10
-3.34,-0.10,1.10
-3.31,-0.21,1.10
-3.31,-0.31,1.10
-3.15,-0.40,1.10
-3.06,-0.48,1.10
-3.05,-0.58,1.10
-2.93,-0.66,1.10
-2.84,-0.73,1.10
-2.82,-0.82,1.10
-2.59,-0.84,1.10
-2.65,-0.95,1.10
-2.67,-1.06,1.10
-2.66,-1.15,1.10
-2.58,-1.22,1.10
-2.56,-1.31,1.10
-2.49,-1.37,1.10
-2.42,-1.43,1.10
-2.44,-1.55,1.10
-2.32,-1.58,1.10
-2.24,-1.63,1.10
-2.19,-1.70,1.10
-2.07,-1.71,1.10
-2.13,-1.87,1.10
-2.06,-1.94,1.10
-1.94,-1.94,1.10
-1.88,-2.00,1.10
-1.84,-2.08,1.10
-1.66,-2.01,1.10
-1.54,-1.98,1.10
-1.53,-2.11,1.10
-1.44,-2.12,1.10
-1.33,-2.09,1.10
-1.32,-2.23,1.10
-1.27,-2.32,1.10
-1.16,-2.27,1.10
-1.12,-2.38,1.10
-1.07,-2.47,1.10
-1.01,-2.55,1.10
-0.92,-2.55,1.10
-0.87,-2.68,1.10
-0.78,-2.67,1.10
-0.66,-2.55,1.10
-0.58,-2.59,1.10
-0.49,-2.55,1.10
-0.40,-2.52,1.10
-0.32,-2.55,1.10
-0.26,-2.72,1.10
-0.17,-2.63,1.10
-0.08,-2.53,1.10
0.00,-2.62,1.10
0.08,-2.47,1.10
0.16,-2.57,1.10
0.24,-2.50,1.10
0.32,-2.54,1.10
0.39,-2.48,1.10
0.48,-2.50,1.10
0.54,-2.43,1.10
0.62,-2.40,1.10
0.69,-2.36,1.10
0.74,-2.29,1.10
0.86,-2.39,1.10
0.86,-2.16,1.10
0.94,-2.18,1.10
1.04,-2.20,1.10
1.09,-2.14,1.10
1.20,-2.19,1.10
1.28,-2.17,1.10
1.34,-2.11,1.10
1.40,-2.06,1.10
1.45,-2.00,1.10
1.47,-1.90,1.10
1.47,-1.77,1.10
1.56,-1.77,1.10
1.74,-1.86,1.10
1.71,-1.71,1.10
1.88,-1.77,1.10
1.94,-1.71,1.10
2.05,-1.70,1.10
2.04,-1.58,1.10
2.12,-1.54,1.10
2.14,-1.45,1.10
2.13,-1.35,1.10
2.18,-1.29,1.10
2.24,-1.23,1.10
2.32,-1.18,1.10
2.36,-1.11,1.10
2.44,-1.06,1.10
2.59,-1.02,1.10
2.60,-0.94,1.10
2.63,-0.86,1.10
2.69,-0.78,1.10
2.76,-0.71,1.10
2.68,-0.60,1.10
2.71,-0.52,1.10
2.80,-0.44,1.10
2.81,-0.36,1.10
2.94,-0.28,1.10
2.78,-0.17,1.10
2.74,-0.09,1.10
2.69,0.00,1.20
2.84,0.09,1.20
2.84,0.18,1.20
2.82,0.27,1.20
2.78,0.35,1.20
2.80,0.44,1.20
2.84,0.54,1.20
2.71,0.60,1.20
2.67,0.68,1.20
2.70,0.79,1.20
2.72,0.88,1.20
2.79,1.01,1.20
2.75,1.09,1.20
2.83,1.22,1.20
2.84,1.33,1.20
2.77,1.41,1.20
2.66,1.46,1.20
2.68,1.59,1.20
2.73,1.73,1.20
2.76,1.88,1.20
2.69,1.96,1.20
2.58,2.00,1.20
2.52,2.09,1.20
2.42,2.13,1.20
2.32,2.18,1.20
2.27,2.27,1.20
2.18,2.33,1.20
2.12,2.41,1.20
2.05,2.48,1.20
1.96,2.53,1.20
1.88,2.59,1.20
1.79,2.64,1.20
1.73,2.72,1.20
1.62,2.74,1.20
1.54,2.80,1.20
1.46,2.88,1.20
1.37,2.91,1.20
1.28,2.95,1.20
1.18,2.98,1.20
1.08,3.00,1.20
1.00,3.07,1.20
0.93,3.19,1.20
0.80,3.10,1.20
0.70,3.13,1.20
0.60,3.13,1.20
0.50,3.16,1.20
0.40,3.16,1.20
0.31,3.23,1.20
0.21,3.31,1.20
0.10,3.23,1.20
-0.00,3.24,1.20
-0.10,3.19,1.20
-0.20,3.21,1.20
-0.30,3.20,1.20
-0.41,3.21,1.20
-0.51,3.21,1.20
-0.60,3.15,1.20
-0.70,3.13,1.20
-0.82,3.20,1.20
-0.91,3.13,1.20
-1.01,3.12,1.20
-1.15,3.18,1.20
-1.25,3.15,1.20
-1.35,3.12,1.20
-1.42,3.02,1.20
-1.53,3.00,1.20
-1.63,2.97,1.20
-1.71,2.88,1.20
-1.85,2.92,1.20
-2.00,2.95,1.20
-2.10,2.88,1.20
-2.13,2.74,1.20
-2.12,2.57,1.20
-2.24,2.54,1.20
-2.29,2.43,1.20
-2.38,2.38,1.20
-2.46,2.31,1.20
-2.61,2.30,1.20
-2.60,2.15,1.20
-2.76,2.14,1.20
-2.75,2.00,1.20
-2.81,1.91,1.20
-2.87,1.82,1.20
-2.89,1.71,1.20
-3.01,1.66,1.20
-3.03,1.54,1.20
-3.05,1.44,1.20
-3.07,1.33,1.20
-3.18,1.26,1.20
-3.20,1.15,1.20
-3.21,1.04,1.20
-3.25,0.94,1.20
-3.31,0.85,1.20
-3.29,0.73,1.20
-3.28,0.63,1.20
-3.36,0.53,1.20
-3.38,0.43,1.20
-3.32,0.31,1.20
-3.26,0.20,1.20
-3.26,0.10,1.20
-3.24,-0.00,1.20
-3.25,-0.10,1.20
-3.24,-0.20,1.20
-3.20,-0.30,1.20
-3.18,-0.40,1.20
-3.02,-0.48,1.20
-3.05,-0.58,1.20
-2.87,-0.64,1.20
-2.83,-0.73,1.20
-2.76,-0.80,1.20
-2.73,-0.89,1.20
-2.65,-0.95,1.20
-2.65,-1.05,1.20
-2.55,-1.10,1.20
-2.51,-1.18,1.20
-2.56,-1.30,1.20
-2.45,-1.35,1.20
-2.43,-1.44,1.20
-2.38,-1.51,1.20
-2.37,-1.61,1.20
-2.14,-1.55,1.20
-2.02,-1.57,1.20
-2.07,-1.71,1.20
-2.16,-1.90,1.20
-2.03,-1.91,1.20
-1.95,-1.95,1.20
-1.74,-1.86,1.20
-1.69,-1.91,1.20
-1.67,-2.02,1.20
-1.55,-2.00,1.20
-1.47,-2.02,1.20
-1.47,-2.16,1.20
-1.29,-2.03,1.20
-1.28,-2.17,1.20
-1.25,-2.27,1.20
-1.17,-2.30,1.20
-1.07,-2.28,1.20
-1.05,-2.42,1.20
-1.04,-2.63,1.20
-0.91,-2.53,1.20
-0.79,-2.45,1.20
-0.75,-2.57,1.20
-0.62,-2.43,1.20
-0.57,-2.53,1.20
-0.49,-2.57,1.20
-0.40,-2.52,1.20
-0.33,-2.61,1.20
-0.25,-2.61,1.20
-0.16,-2.58,1.20
-0.08,-2.60,1.20
0.00,-2.56,1.20
0.08,-2.66,1.20
0.16,-2.55,1.20
0.23,-2.41,1.20
0.32,-2.55,1.20
0.37,-2.37,1.20
0.45,-2.35,1.20
0.52,-2.33,1.20
0.59,-2.30,1.20
0.65,-2.23,1.20
0.72,-2.20,1.20
0.83,-2.31,1.20
0.88,-2.21,1.20
0.92,-2.12,1.20
1.00,-2.12,1.20
1.04,-2.05,1.20
1.19,-2.16,1.20
1.25,-2.12,1.20
1.33,-2.10,1.20
1.38,-2.04,1.20
1.38,-1.91,1.20
1.41,-1.82,1.20
1.48,-1.79,1.20
1.52,-1.72,1.20
1.62,-1.73,1.20
1.77,-1.77,1.20
1.73,-1.63,1.20
1.92,-1.69,1.20
2.00,-1.65,1.20
2.00,-1.55,1.20
2.07,-1.50,1.20
2.09,-1.42,1.20
2.27,-1.44,1.20
2.20,-1.30,1.20
2.29,-1.26,1.20
2.31,-1.18,1.20
2.32,-1.09,1.20
2.48,-1.07,1.20
2.55,-1.01,1.20
2.55,-0.92,1.20
2.63,-0.86,1.20
2.48,-0.72,1.20
2.64,-0.68,1.20
2.74,-0.61,1.20
2.79,-0.53,1.20
2.75,-0.44,1.20
2.76,-0.35,1.20
2.84,-0.27,1.20
2.79,-0.18,1.20
2.82,-0.09,1.20
2.74,0.00,1.30
2.88,0.09,1.30
2.90,0.18,1.30
2.78,0.26,1.30
2.76,0.35,1.30
2.76,0.44,1.30
2.75,0.52,1.30
2.74,0.61,1.30
2.70,0.69,1.30
2.66,0.77,1.30
2.76,0.90,1.30
2.79,1.00,1.30
2.83,1.12,1.30
2.83,1.22,1.30
2.80,1.32,1.30
2.68,1.37,1.30
2.73,1.50,1.30
2.61,1.54,1.30
2.71,1.72,1.30
2.68,1.82,1.30
2.62,1.90,1.30
2.55,1.98,1.30
2.47,2.04,1.30
2.43,2.15,1.30
2.34,2.20,1.30
2.28,2.28,1.30
2.19,2.33,1.30
2.13,2.41,1.30
2.05,2.48,1.30
1.98,2.55,1.30
1.89,2.61,1.30
1.78,2.63,1.30
1.71,2.69,1.30
1.63,2.75,1.30
1.56,2.83,1.30
1.47,2.88,1.30
1.35,2.87,1.30
1.27,2.93,1.30
1.20,3.03,1.30
1.09,3.02,1.30
0.99,3.06,1.30
0.90,3.09,1.30
0.81,3.14,1.30
0.71,3.19,1.30
0.60,3.15,1.30
0.50,3.16,1.30
0.41,3.26,1.30
0.32,3.38,1.30
0.21,3.26,1.30
0.10,3.30,1.30
-0.00,3.24,1.30
-0.10,3.24,1.30
-0.20,3.20,1.30
-0.30,3.19,1.30
-0.40,3.19,1.30
-0.50,3.18,1.30
-0.59,3.10,1.30
-0.70,3.13,1.30
-0.80,3.12,1.30
-0.91,3.12,1.30
-1.03,3.16,1.30
-1.16,3.21,1.30
-1.25,3.16,1.30
-1.34,3.11,1.30
-1.42,3.02,1.30
-1.54,3.02,1.30
-1.63,2.97,1.30
-1.73,2.92,1.30
-1.91,3.01,1.30
-2.00,2.95,1.30
-2.12,2.92,1.30
-2.12,2.73,1.30
-2.14,2.58,1.30
-2.26,2.56,1.30
-2.31,2.46,1.30
-2.42,2.42,1.30
-2.44,2.29,1.30
-2.54,2.24,1.30
-2.60,2.15,1.30
-2.66,2.07,1.30
-2.74,1.99,1.30
-2.76,1.88,1.30
-2.86,1.82,1.30
-2.88,1.70,1.30
-3.00,1.65,1.30
-3.08,1.57,1.30
-3.05,1.44,1.30
-3.07,1.33,1.30
-3.18,1.26,1.30
-3.24,1.17,1.30
-3.17,1.03,1.30
-3.24,0.94,1.30
-3.29,0.84,1.30
-3.35,0.75,1.30
-3.33,0.64,1.30
-3.35,0.53,1.30
-3.31,0.42,1.30
-3.30,0.31,1.30
-3.22,0.20,1.30
-3.21,0.10,1.30
-3.29,-0.00,1.30
-3.23,-0.10,1.30
-3.20,-0.20,1.30
-3.19,-0.30,1.30
-3.08,-0.39,1.30
-3.01,-0.48,1.30
-2.99,-0.57,1.30
-2.97,-0.66,1.30
-2.87,-0.74,1.30
-2.69,-0.78,1.30
-2.73,-0.89,1.30
-2.69,-0.97,1.30
-2.55,-1.01,1.30
-2.65,-1.15,1.30
-2.50,-1.18,1.30
-2.51,-1.28,1.30
-2.43,-1.34,1.30
-2.47,-1.46,1.30
-2.34,-1.48,1.30
-2.26,-1.54,1.30
-2.05,-1.49,1.30
-1.94,-1.51,1.30
-1.95,-1.61,1.30
-2.09,-1.84,1.30
-1.99,-1.87,1.30
-1.95,-1.95,1.30
-1.77,-1.89,1.30
-1.73,-1.96,1.30
-1.63,-1.97,1.30
-1.50,-1.94,1.30
-1.51,-2.07,1.30
-1.43,-2.10,1.30
-1.35,-2.13,1.30
-1.32,-2.23,1.30
-1.25,-2.27,1.30
-1.13,-2.22,1.30
-1.12,-2.39,1.30
-1.06,-2.46,1.30
-0.99,-2.50,1.30
-0.88,-2.43,1.30
-0.82,-2.53,1.30
-0.73,-2.51,1.30
-0.66,-2.55,1.30
-0.56,-2.51,1.30
-0.47,-2.47,1.30
-0.40,-2.54,1.30
-0.33,-2.61,1.30
-0.24,-2.52,1.30
-0.16,-2.57,1.30
-0.08,-2.58,1.30
0.00,-2.50,1.30
0.08,-2.63,1.30
0.15,-2.44,1.30
0.22,-2.38,1.30
0.31,-2.46,1.30
0.40,-2.55,1.30
0.44,-2.33,1.30
0.52,-2.31,1.30
0.60,-2.33,1.30
0.67,-2.31,1.30
0.74,-2.26,1.30
0.79,-2.20,1.30
0.86,-2.18,1.30
0.94,-2.18,1.30
0.99,-2.09,1.30
1.08,-2.13,1.30
1.18,-2.15,1.30
1.28,-2.17,1.30
1.39,-2.19,1.30
1.37,-2.02,1.30
1.45,-1.99,1.30
1.44,-1.86,1.30
1.48,-1.79,1.30
1.51,-1.71,1.30
1.65,-1.76,1.30
1.71,-1.71,1.30
1.75,-1.64,1.30
1.97,-1.74,1.30
1.97,-1.63,1.30
2.04,-1.58,1.30
2.03,-1.48,1.30
2.13,-1.45,1.30
2.16,-1.37,1.30
2.20,-1.30,1.30
2.29,-1.26,1.30
2.32,-1.18,1.30
2.37,-1.12,1.30
2.40,-1.04,1.30
2.53,-1.00,1.30
2.45,-0.88,1.30
2.44,-0.79,1.30
2.48,-0.72,1.30
2.54,-0.65,1.30
2.55,-0.57,1.30
2.73,-0.52,1.30
2.85,-0.45,1.30
2.70,-0.34,1.30
2.84,-0.27,1.30
2.83,-0.18,1.30
2.80,-0.09,1.30
2.69,0.00,1.40
2.88,0.09,1.40
2.74,0.17,1.40
2.80,0.26,1.40
2.81,0.36,1.40
2.75,0.44,1.40
2.79,0.53,1.40
2.79,0.62,1.40
2.72,0.70,1.40
2.89,0.84,1.40
2.91,0.94,1.40
2.83,1.02,1.40
2.82,1.12,1.40
2.81,1.21,1.40
2.83,1.33,1.40
2.72,1.38,1.40
2.65,1.46,1.40
2.64,1.56,1.40
2.71,1.72,1.40
2.64,1.79,1.40
2.59,1.88,1.40
2.54,1.97,1.40
2.46,2.04,1.40
2.43,2.14,1.40
2.35,2.21,1.40
2.31,2.31,1.40
2.21,2.35,1.40
2.13,2.42,1.40
2.05,2.47,1.40
2.00,2.58,1.40
1.92,2.64,1.40
1.84,2.70,1.40
1.75,2.75,1.40
1.65,2.80,1.40
1.64,2.99,1.40
1.53,3.01,1.40
1.43,3.04,1.40
1.29,2.99,1.40
1.22,3.08,1.40
1.11,3.08,1.40
1.06,3.27,1.40
0.89,3.07,1.40
0.80,3.13,1.40
0.71,3.19,1.40
0.60,3.17,1.40
0.52,3.30,1.40
0.43,3.38,1.40
0.31,3.33,1.40
0.21,3.33,1.40
0.11,3.38,1.40
-0.00,3.21,1.40
-0.10,3.20,1.40
-0.20,3.25,1.40
-0.31,3.29,1.40
-0.40,3.17,1.40
-0.51,3.21,1.40
-0.61,3.18,1.40
-0.70,3.13,1.40
-0.82,3.20,1.40
-0.95,3.29,1.40
-1.04,3.21,1.40
-1.14,3.16,1.40
-1.24,3.14,1.40
-1.35,3.12,1.40
-1.44,3.05,1.40
-1.54,3.02,1.40
-1.62,2.96,1.40
-1.73,2.92,1.40
-1.87,2.94,1.40
-2.00,2.94,1.40
-2.11,2.91,1.40
-2.14,2.76,1.40
-2.19,2.65,1.40
-2.24,2.54,1.40
-2.33,2.48,1.40
-2.40,2.40,1.40
-2.47,2.32,1.40
-2.57,2.26,1.40
-2.59,2.15,1.40
-2.68,2.08,1.40
-2.71,1.97,1.40
-2.88,1.96,1.40
-2.93,1.86,1.40
-2.91,1.72,1.40
-3.00,1.65,1.40
-2.98,1.52,1.40
-3.07,1.45,1.40
-3.16,1.37,1.40
-3.15,1.25,1.40
-3.28,1.18,1.40
-3.23,1.05,1.40
-3.23,0.94,1.40
-3.29,0.84,1.40
-3.23,0.72,1.40
-3.35,0.64,1.40
-3.36,0.53,1.40
-3.33,0.42,1.40
-3.34,0.32,1.40
-3.33,0.21,1.40
-3.29,0.10,1.40
-3.27,-0.00,1.40
-3.21,-0.10,1.40
-3.24,-0.20,1.40
-3.15,-0.30,1.40
-3.16,-0.40,1.40
-3.00,-0.47,1.40
-3.00,-0.57,1.40
-2.98,-0.67,1.40
-2.83,-0.73,1.40
-2.70,-0.79,1.40
-2.67,-0.87,1.40
-2.68,-0.97,1.40
-2.57,-1.02,1.40
-2.62,-1.13,1.40
-2.51,-1.18,1.40
-2.56,-1.31,1.40
-2.42,-1.33,1.40
-2.39,-1.41,1.40
-2.47,-1.56,1.40
-2.33,-1.58,1.40
-2.05,-1.49,1.40
-2.07,-1.61,1.40
-2.05,-1.70,1.40
-1.94,-1.71,1.40
-1.94,-1.82,1.40
-1.89,-1.89,1.40
-1.86,-1.98,1.40
-1.73,-1.96,1.40
-1.66,-2.00,1.40
-1.52,-1.96,1.40
-1.53,-2.10,1.40
-1.45,-2.14,1.40
-1.35,-2.13,1.40
-1.30,-2.19,1.40
-1.26,-2.30,1.40
-1.14,-2.24,1.40
-1.07,-2.28,1.40
-1.04,-2.39,1.40
-0.94,-2.37,1.40
-0.89,-2.48,1.40
-0.83,-2.54,1.40
-0.72,-2.49,1.40
-0.63,-2.47,1.40
-0.55,-2.48,1.40
-0.51,-2.65,1.40
-0.40,-2.52,1.40
-0.33,-2.62,1.40
-0.26,-2.76,1.40
-0.16,-2.58,1.40
-0.08,-2.54,1.40
0.00,-2.52,1.40
0.08,-2.54,1.40
0.15,-2.44,1.40
0.22,-2.35,1.40
0.29,-2.31,1.40
0.38,-2.42,1.40
0.46,-2.40,1.40
0.52,-2.33,1.40
0.59,-2.30,1.40
0.67,-2.31,1.40
0.71,-2.19,1.40
0.83,-2.30,1.40
0.85,-2.15,1.40
0.92,-2.13,1.40
1.01,-2.15,1.40
1.06,-2.08,1.40
1.20,-2.18,1.40
1.28,-2.16,1.40
1.31,-2.06,1.40
1.39,-2.04,1.40
1.43,-1.97,1.40
1.41,-1.82,1.40
1.46,-1.76,1.40
1.56,-1.77,1.40
1.65,-1.75,1.40
1.70,-1.70,1.40
1.90,-1.79,1.40
1.92,-1.69,1.40
1.92,-1.59,1.40
2.04,-1.58,1.40
2.02,-1.47,1.40
2.16,-1.46,1.40
2.12,-1.35,1.40
2.30,-1.36,1.40
2.18,-1.20,1.40
2.47,-1.26,1.40
2.49,-1.17,1.40
2.59,-1.12,1.40
2.48,-0.98,1.40
2.55,-0.92,1.40
2.58,-0.84,1.40
2.51,-0.73,1.40
2.60,-0.67,1.40
2.77,-0.62,1.40
2.84,-0.54,1.40
2.82,-0.45,1.40
2.78,-0.35,1.40
2.81,-0.27,1.40
2.76,-0.17,1.40
2.95,-0.09,1.40
2.71,0.00,1.50
2.78,0.09,1.50
2.84,0.18,1.50
2.83,0.27,1.50
2.76,0.35,1.50
2.81,0.45,1.50
2.77,0.53,1.50
2.68,0.60,1.50
2.75,0.71,1.50
2.80,0.81,1.50
2.91,0.95,1.50
2.82,1.02,1.50
2.83,1.12,1.50
2.84,1.23,1.50
2.77,1.31,1.50
2.71,1.38,1.50
2.69,1.48,1.50
2.63,1.56,1.50
2.69,1.71,1.50
2.64,1.80,1.50
2.60,1.89,1.50
2.56,1.99,1.50
2.47,2.05,1.50
2.43,2.14,1.50
2.37,2.23,1.50
2.25,2.25,1.50
2.19,2.34,1.50
2.15,2.43,1.50
2.04,2.47,1.50
1.93,2.49,1.50
1.89,2.60,1.50
1.80,2.64,1.50
1.76,2.77,1.50
1.74,2.94,1.50
1.61,2.93,1.50
1.55,3.04,1.50
1.45,3.07,1.50
1.34,3.09,1.50
1.24,3.13,1.50
1.13,3.13,1.50
1.03,3.17,1.50
0.95,3.26,1.50
0.80,3.13,1.50
0.72,3.23,1.50
0.62,3.25,1.50
0.51,3.23,1.50
0.43,3.40,1.50
0.32,3.36,1.50
0.21,3.33,1.50
0.11,3.43,1.50
-0.00,3.30,1.50
-0.10,3.32,1.50
-0.21,3.33,1.50
-0.32,3.41,1.50
-0.42,3.33,1.50
-0.53,3.33,1.50
-0.61,3.19,1.50
-0.74,3.30,1.50
-0.83,3.21,1.50
-0.95,3.27,1.50
-1.04,3.21,1.50
-1.14,3.17,1.50
-1.27,3.20,1.50
-1.36,3.14,1.50
-1.44,3.07,1.50
-1.55,3.03,1.50
-1.61,2.93,1.50
-1.74,2.95,1.50
-1.91,3.01,1.50
-2.01,2.95,1.50
-2.09,2.88,1.50
-2.20,2.84,1.50
-2.20,2.67,1.50
-2.24,2.54,1.50
-2.29,2.44,1.50
-2.39,2.39,1.50
-2.48,2.33,1.50
-2.61,2.30,1.50
-2.59,2.14,1.50
-2.75,2.13,1.50
-2.74,1.99,1.50
-2.79,1.90,1.50
-2.86,1.81,1.50
-2.93,1.74,1.50
-2.98,1.64,1.50
-3.05,1.56,1.50
-3.03,1.43,1.50
-3.08,1.33,1.50
-3.28,1.30,1.50
-3.22,1.16,1.50
-3.19,1.04,1.50
-3.26,0.95,1.50
-3.27,0.84,1.50
-3.29,0.73,1.50
-3.25,0.62,1.50
-3.35,0.53,1.50
-3.34,0.42,1.50
-3.30,0.31,1.50
-3.24,0.20,1.50
-3.22,0.10,1.50
-3.24,-0.00,1.50
-3.21,-0.10,1.50
-3.18,-0.20,1.50
-3.13,-0.30,1.50
-3.03,-0.38,1.50
-3.01,-0.48,1.50
-3.04,-0.58,1.50
-2.98,-0.67,1.50
-2.69,-0.69,1.50
-2.82,-0.82,1.50
-2.68,-0.87,1.50
-2.70,-0.97,1.50
-2.65,-1.05,1.50
-2.60,-1.12,1.50
-2.61,-1.23,1.50
-2.60,-1.33,1.50
-2.36,-1.30,1.50
-2.28,-1.35,1.50
-2.45,-1.56,1.50
-2.32,-1.58,1.50
-2.07,-1.50,1.50
-2.11,-1.64,1.50
-1.94,-1.60,1.50
-2.00,-1.77,1.50
-1.90,-1.79,1.50
-1.82,-1.82,1.50
-1.75,-1.86,1.50
-1.70,-1.92,1.50
-1.63,-1.97,1.50
-1.55,-2.00,1.50
-1.52,-2.09,1.50
-1.43,-2.10,1.50
-1.35,-2.13,1.50
-1.41,-2.38,1.50
-1.29,-2.34,1.50
-1.14,-2.24,1.50
-1.09,-2.32,1.50
-1.08,-2.50,1.50
-0.94,-2.38,1.50
-0.88,-2.43,1.50
-0.82,-2.52,1.50
-0.71,-2.44,1.50
-0.64,-2.50,1.50
-0.57,-2.56,1.50
-0.49,-2.56,1.50
-0.41,-2.59,1.50
-0.32,-2.54,1.50
-0.24,-2.52,1.50
-0.16,-2.56,1.50
-0.08,-2.60,1.50
0.00,-2.51,1.50
0.08,-2.49,1.50
0.15,-2.45,1.50
0.22,-2.38,1.50
0.29,-2.33,1.50
0.37,-2.34,1.50
0.44,-2.31,1.50
0.51,-2.27,1.50
0.59,-2.32,1.50
0.66,-2.27,1.50
0.73,-2.23,1.50
0.78,-2.16,1.50
0.84,-2.13,1.50
0.95,-2.19,1.50
1.01,-2.14,1.50
1.06,-2.08,1.50
1.13,-2.06,1.50
1.27,-2.15,1.50
1.29,-2.03,1.50
1.37,-2.02,1.50
1.36,-1.87,1.50
1.44,-1.85,1.50
1.50,-1.81,1.50
1.51,-1.72,1.50
1.63,-1.73,1.50
1.74,-1.74,1.50
1.84,-1.73,1.50
1.99,-1.75,1.50
2.10,-1.74,1.50
1.99,-1.54,1.50
2.11,-1.53,1.50
2.15,-1.46,1.50
2.12,-1.35,1.50
2.21,-1.31,1.50
2.32,-1.27,1.50
2.43,-1.24,1.50
2.51,-1.18,1.50
2.59,-1.12,1.50
2.62,-1.04,1.50
2.44,-0.88,1.50
2.57,-0.84,1.50
2.53,-0.73,1.50
2.48,-0.64,1.50
2.57,-0.58,1.50
2.71,-0.52,1.50
2.78,-0.44,1.50
2.71,-0.34,1.50
2.91,-0.28,1.50
2.86,-0.18,1.50
2.77,-0.09,1.50
2.73,0.00,1.60
2.80,0.09,1.60
2.88,0.18,1.60
2.77,0.26,1.60
2.85,0.36,1.60
2.82,0.45,1.60
2.83,0.54,1.60
2.69,0.60,1.60
2.70,0.69,1.60
2.73,0.79,1.60
2.77,0.90,1.60
2.70,0.97,1.60
2.78,1.10,1.60
2.82,1.22,1.60
2.74,1.29,1.60
2.75,1.40,1.60
2.68,1.48,1.60
2.64,1.56,1.60
2.59,1.64,1.60
2.63,1.79,1.60
2.59,1.88,1.60
2.53,1.96,1.60
2.39,1.98,1.60
2.25,1.99,1.60
2.33,2.19,1.60
2.28,2.28,1.60
2.23,2.37,1.60
2.09,2.38,1.60
2.06,2.49,1.60
1.97,2.54,1.60
1.92,2.64,1.60
1.80,2.64,1.60
1.72,2.71,1.60
1.69,2.87,1.60
1.61,2.93,1.60
1.54,3.02,1.60
1.45,3.08,1.60
1.34,3.10,1.60
1.25,3.17,1.60
1.13,3.14,1.60
1.04,3.21,1.60
0.93,3.22,1.60
0.84,3.26,1.60
0.72,3.23,1.60
0.63,3.31,1.60
0.53,3.31,1.60
0.43,3.38,1.60
0.32,3.37,1.60
0.21,3.35,1.60
0.11,3.40,1.60
-0.00,3.40,1.60
-0.11,3.38,1.60
-0.21,3.39,1.60
-0.32,3.37,1.60
-0.42,3.36,1.60
-0.53,3.34,1.60
-0.63,3.29,1.60
-0.74,3.33,1.60
-0.87,3.38,1.60
-0.94,3.22,1.60
-1.04,3.21,1.60
-1.14,3.17,1.60
-1.25,3.15,1.60
-1.33,3.07,1.60
-1.45,3.08,1.60
-1.56,3.07,1.60
-1.65,2.99,1.60
-1.72,2.91,1.60
-1.89,2.97,1.60
-2.00,2.94,1.60
-2.05,2.82,1.60
-2.08,2.69,1.60
-2.17,2.62,1.60
-2.26,2.56,1.60
-2.34,2.50,1.60
-2.38,2.38,1.60
-2.47,2.32,1.60
-2.52,2.22,1.60
-2.63,2.18,1.60
-2.65,2.06,1.60
-2.76,2.01,1.60
-2.83,1.92,1.60
-2.84,1.80,1.60
-2.93,1.73,1.60
-2.97,1.63,1.60
-3.01,1.53,1.60
-3.07,1.44,1.60
-3.11,1.35,1.60
-3.09,1.22,1.60
-3.04,1.10,1.60
-3.13,1.02,1.60
-3.25,0.95,1.60
-3.15,0.81,1.60
-3.12,0.70,1.60
-3.16,0.60,1.60
-3.17,0.50,1.60
-3.15,0.40,1.60
-3.22,0.30,1.60
-3.27,0.21,1.60
-3.21,0.10,1.60
-3.19,-0.00,1.60
-3.21,-0.10,1.60
-3.22,-0.20,1.60
-3.08,-0.29,1.60
-3.02,-0.38,1.60
-2.97,-0.47,1.60
-3.04,-0.58,1.60
-2.96,-0.66,1.60
-2.77,-0.71,1.60
-2.71,-0.79,1.60
-2.69,-0.87,1.60
-2.68,-0.96,1.60
-2.55,-1.01,1.60
-2.55,-1.10,1.60
-2.55,-1.20,1.60
-2.38,-1.21,1.60
-2.22,-1.22,1.60
-2.35,-1.39,1.60
-2.28,-1.45,1.60
-2.08,-1.42,1.60
-2.10,-1.53,1.60
-2.04,-1.58,1.60
-1.85,-1.53,1.60
-1.87,-1.65,1.60
-1.96,-1.84,1.60
-1.83,-1.83,1.60
-1.72,-1.83,1.60
-1.72,-1.95,1.60
-1.65,-1.99,1.60
-1.55,-2.00,1.60
-1.44,-1.98,1.60
-1.45,-2.13,1.60
-1.39,-2.19,1.60
-1.25,-2.11,1.60
-1.18,-2.15,1.60
-1.10,-2.17,1.60
-1.03,-2.18,1.60
-0.99,-2.28,1.60
-0.96,-2.41,1.60
-0.88,-2.44,1.60
-0.78,-2.39,1.60
-0.70,-2.41,1.60
-0.64,-2.50,1.60
-0.56,-2.52,1.60
-0.48,-2.52,1.60
-0.41,-2.57,1.60
-0.33,-2.58,1.60
-0.24,-2.54,1.60
-0.16,-2.59,1.60
-0.08,-2.53,1.60
0.00,-2.44,1.60
0.08,-2.49,1.60
0.15,-2.31,1.60
0.22,-2.35,1.60
0.29,-2.31,1.60
0.37,-2.35,1.60
0.44,-2.29,1.60
0.50,-2.26,1.60
0.58,-2.27,1.60
0.65,-2.25,1.60
0.72,-2.20,1.60
0.79,-2.19,1.60
0.86,-2.18,1.60
0.96,-2.21,1.60
0.98,-2.09,1.60
1.02,-2.01,1.60
1.13,-2.05,1.60
1.24,-2.09,1.60
1.25,-1.96,1.60
1.33,-1.95,1.60
1.36,-1.87,1.60
1.46,-1.88,1.60
1.48,-1.79,1.60
1.52,-1.72,1.60
1.59,-1.69,1.60
1.69,-1.69,1.60
1.72,-1.61,1.60
1.88,-1.66,1.60
1.92,-1.59,1.60
2.04,-1.58,1.60
2.08,-1.51,1.60
2.14,-1.45,1.60
2.12,-1.35,1.60
2.21,-1.31,1.60
2.27,-1.25,1.60
2.31,-1.18,1.60
2.41,-1.13,1.60
2.38,-1.03,1.60
2.41,-0.95,1.60
2.38,-0.86,1.60
2.43,-0.79,1.60
2.52,-0.73,1.60
2.46,-0.63,1.60
2.58,-0.58,1.60
2.54,-0.49,1.60
2.62,-0.42,1.60
2.81,-0.36,1.60
2.86,-0.27,1.60
2.74,-0.17,1.60
2.77,-0.09,1.60
2.73,0.00,1.70
2.78,0.09,1.70
2.74,0.17,1.70
2.83,0.27,1.70
2.70,0.34,1.70
2.71,0.43,1.70
2.81,0.54,1.70
2.74,0.61,1.70
2.74,0.70,1.70
2.68,0.78,1.70
2.67,0.87,1.70
2.63,0.95,1.70
2.75,1.09,1.70
2.57,1.11,1.70
2.62,1.24,1.70
2.46,1.25,1.70
2.48,1.36,1.70
2.40,1.42,1.70
2.44,1.55,1.70
2.47,1.68,1.70
2.44,1.77,1.70
2.41,1.87,1.70
2.33,1.93,1.70
2.29,2.02,1.70
2.24,2.11,1.70
2.17,2.17,1.70
2.12,2.26,1.70
2.06,2.34,1.70
1.99,2.41,1.70
1.94,2.50,1.70
1.92,2.64,1.70
1.80,2.65,1.70
1.71,2.69,1.70
1.62,2.73,1.70
1.57,2.85,1.70
1.47,2.88,1.70
1.39,2.95,1.70
1.28,2.96,1.70
1.18,2.98,1.70
1.10,3.05,1.70
0.98,3.02,1.70
0.91,3.12,1.70
0.80,3.13,1.70
0.70,3.13,1.70
0.61,3.22,1.70
0.50,3.17,1.70
0.40,3.18,1.70
0.31,3.28,1.70
0.20,3.23,1.70
0.10,3.22,1.70
-0.00,3.24,1.70
-0.10,3.23,1.70
-0.20,3.23,1.70
-0.32,3.35,1.70
-0.42,3.31,1.70
-0.53,3.34,1.70
-0.64,3.36,1.70
-0.75,3.34,1.70
-0.83,3.24,1.70
-0.90,3.09,1.70
-1.02,3.13,1.70
-1.12,3.10,1.70
-1.19,3.01,1.70
-1.30,3.01,1.70
-1.38,2.93,1.70
-1.47,2.88,1.70
-1.57,2.85,1.70
-1.67,2.82,1.70
-1.78,2.80,1.70
-1.92,2.82,1.70
-2.01,2.76,1.70
-2.09,2.70,1.70
-2.05,2.48,1.70
-2.15,2.44,1.70
-2.25,2.39,1.70
-2.27,2.27,1.70
-2.36,2.21,1.70
-2.43,2.14,1.70
-2.48,2.05,1.70
-2.54,1.97,1.70
-2.62,1.91,1.70
-2.69,1.83,1.70
-2.74,1.74,1.70
-2.77,1.64,1.70
-2.83,1.55,1.70
-2.96,1.51,1.70
-2.90,1.36,1.70
-2.89,1.25,1.70
-2.96,1.17,1.70
-2.83,1.02,1.70
-2.91,0.95,1.70
-2.94,0.86,1.70
-2.93,0.75,1.70
-2.99,0.67,1.70
-3.02,0.58,1.70
-3.04,0.48,1.70
-3.02,0.38,1.70
-3.00,0.28,1.70
-3.08,0.19,1.70
-3.04,0.10,1.70
-3.07,-0.00,1.70
-2.94,-0.09,1.70
-3.01,-0.19,1.70
-2.89,-0.27,1.70
-2.81,-0.35,1.70
-2.73,-0.43,1.70
-2.78,-0.53,1.70
-2.74,-0.61,1.70
-2.72,-0.70,1.70
-2.54,-0.74,1.70
-2.47,-0.80,1.70
-2.47,-0.89,1.70
-2.49,-0.99,1.70
-2.38,-1.03,1.70
-2.31,-1.09,1.70
-2.34,-1.19,1.70
-2.13,-1.17,1.70
-2.11,-1.25,1.70
-2.13,-1.35,1.70
-2.07,-1.41,1.70
-1.95,-1.42,1.70
-1.86,-1.45,1.70
-1.80,-1.49,1.70
-1.76,-1.55,1.70
-1.77,-1.66,1.70
-1.75,-1.75,1.70
-1.74,-1.85,1.70
-1.60,-1.81,1.70
-1.53,-1.85,1.70
-1.42,-1.84,1.70
-1.39,-1.91,1.70
-1.31,-1.92,1.70
-1.27,-2.01,1.70
-1.20,-2.02,1.70
-1.14,-2.07,1.70
-1.03,-2.03,1.70
-0.98,-2.09,1.70
-0.94,-2.18,1.70
-0.86,-2.16,1.70
-0.81,-2.26,1.70
-0.72,-2.20,1.70
-0.68,-2.33,1.70
-0.59,-2.29,1.70
-0.51,-2.29,1.70
-0.43,-2.26,1.70
-0.39,-2.44,1.70
-0.30,-2.35,1.70
-0.22,-2.37,1.70
-0.15,-2.32,1.70
-0.07,-2.29,1.70
0.00,-2.37,1.70
0.07,-2.34,1.70
0.15,-2.34,1.70
0.20,-2.16,1.70
0.27,-2.14,1.70
0.35,-2.20,1.70
0.39,-2.04,1.70
0.47,-2.10,1.70
0.56,-2.18,1.70
0.59,-2.02,1.70
0.67,-2.05,1.70
0.73,-2.04,1.70
0.78,-1.96,1.70
0.88,-2.03,1.70
0.93,-1.97,1.70
0.96,-1.88,1.70
1.04,-1.88,1.70
1.07,-1.81,1.70
1.16,-1.83,1.70
1.22,-1.79,1.70
1.25,-1.72,1.70
1.31,-1.69,1.70
1.36,-1.64,1.70
1.44,-1.63,1.70
1.50,-1.60,1.70
1.63,-1.63,1.70
1.63,-1.53,1.70
1.73,-1.52,1.70
1.80,-1.49,1.70
1.87,-1.45,1.70
1.86,-1.35,1.70
1.93,-1.31,1.70
2.10,-1.33,1.70
2.08,-1.23,1.70
2.13,-1.17,1.70
2.19,-1.11,1.70
2.33,-1.10,1.70
2.36,-1.02,1.70
2.42,-0.96,1.70
2.33,-0.84,1.70
2.28,-0.74,1.70
2.22,-0.64,1.70
2.35,-0.60,1.70
2.46,-0.55,1.70
2.43,-0.46,1.70
2.52,-0.40,1.70
2.57,-0.32,1.70
2.73,-0.26,1.70
2.53,-0.16,1.70
2.55,-0.08,1.70
2.31,0.00,1.80
2.39,0.08,1.80
2.32,0.15,1.80
2.37,0.22,1.80
2.36,0.30,1.80
2.29,0.36,1.80
2.32,0.44,1.80
2.32,0.52,1.80
2.25,0.58,1.80
2.20,0.64,1.80
2.22,0.72,1.80
2.17,0.78,1.80
2.14,0.85,1.80
2.26,0.98,1.80
2.14,1.01,1.80
2.10,1.07,1.80
2.01,1.11,1.80
2.09,1.24,1.80
2.11,1.34,1.80
2.11,1.43,1.80
2.15,1.56,1.80
2.00,1.55,1.80
1.96,1.62,1.80
1.96,1.73,1.80
1.84,1.73,1.80
1.79,1.79,1.80
1.86,1.98,1.80
1.83,2.07,1.80
1.84,2.23,1.80
1.77,2.29,1.80
1.72,2.36,1.80
1.63,2.40,1.80
1.48,2.33,1.80
1.42,2.39,1.80
1.33,2.41,1.80
1.33,2.61,1.80
1.19,2.52,1.80
1.17,2.70,1.80
1.07,2.70,1.80
0.96,2.67,1.80
0.86,2.65,1.80
0.78,2.68,1.80
0.70,2.74,1.80
0.61,2.71,1.80
0.53,2.77,1.80
0.45,2.86,1.80
0.35,2.78,1.80
0.27,2.83,1.80
0.17,2.74,1.80
0.09,2.78,1.80
-0.00,2.82,1.80
-0.09,2.85,1.80
-0.17,2.77,1.80
-0.28,3.01,1.80
-0.39,3.12,1.80
-0.48,3.05,1.80
-0.58,3.02,1.80
-0.65,2.89,1.80
-0.69,2.68,1.80
-0.79,2.72,1.80
-0.86,2.63,1.80
-0.96,2.66,1.80
-1.04,2.63,1.80
-1.10,2.53,1.80
-1.23,2.61,1.80
-1.28,2.50,1.80
-1.35,2.45,1.80
-1.45,2.46,1.80
-1.48,2.33,1.80
-1.63,2.40,1.80
-1.71,2.36,1.80
-1.73,2.23,1.80
-1.86,2.25,1.80
-1.77,2.00,1.80
-1.76,1.88,1.80
-1.84,1.84,1.80
-1.89,1.77,1.80
-1.91,1.69,1.80
-1.90,1.57,1.80
-1.90,1.47,1.80
-1.90,1.38,1.80
-2.11,1.43,1.80
-2.12,1.34,1.80
-2.22,1.31,1.80
-2.25,1.24,1.80
-2.24,1.14,1.80
-2.33,1.10,1.80
-2.37,1.03,1.80
-2.30,0.91,1.80
-2.28,0.82,1.80
-2.30,0.75,1.80
-2.24,0.65,1.80
-2.24,0.58,1.80
-2.31,0.52,1.80
-2.26,0.43,1.80
-2.35,0.37,1.80
-2.38,0.30,1.80
-2.28,0.22,1.80
-2.32,0.15,1.80
-2.38,0.07,1.80
-2.33,-0.00,1.80
-2.30,-0.07,1.80
-2.38,-0.15,1.80
-2.29,-0.22,1.80
-2.22,-0.28,1.80
-2.27,-0.36,1.80
-2.09,-0.40,1.80
-2.23,-0.50,1.80
-2.02,-0.52,1.80
-2.16,-0.63,1.80
-2.07,-0.67,1.80
-1.99,-0.72,1.80
-2.00,-0.79,1.80
-1.91,-0.83,1.80
-1.84,-0.86,1.80
-1.68,-0.86,1.80
-1.68,-0.93,1.80
-1.74,-1.03,1.80
-1.69,-1.07,1.80
-1.57,-1.07,1.80
-1.51,-1.10,1.80
-1.60,-1.24,1.80
-1.44,-1.19,1.80
-1.43,-1.26,1.80
-1.38,-1.30,1.80
-1.35,-1.35,1.80
-1.36,-1.45,1.80
-1.33,-1.51,1.80
-1.18,-1.42,1.80
-1.12,-1.44,1.80
-1.12,-1.54,1.80
-1.07,-1.58,1.80
-0.99,-1.56,1.80
-0.93,-1.58,1.80
-0.91,-1.66,1.80
-0.88,-1.73,1.80
-0.79,-1.68,1.80
-0.76,-1.77,1.80
-0.74,-1.88,1.80
-0.64,-1.78,1.80
-0.58,-1.79,1.80
-0.52,-1.79,1.80
-0.49,-1.91,1.80
-0.43,-1.93,1.80
-0.35,-1.86,1.80
-0.31,-1.97,1.80
-0.24,-1.88,1.80
-0.19,-2.05,1.80
-0.12,-1.91,1.80
-0.06,-1.91,1.80
0.00,-1.80,1.80
0.06,-1.79,1.80
0.11,-1.73,1.80
0.15,-1.62,1.80
0.21,-1.65,1.80
0.25,-1.61,1.80
0.30,-1.57,1.80
0.36,-1.62,1.80
0.41,-1.59,1.80
0.44,-1.53,1.80
0.51,-1.56,1.80
0.59,-1.65,1.80
0.62,-1.57,1.80
0.68,-1.58,1.80
0.71,-1.52,1.80
0.77,-1.51,1.80
0.82,-1.50,1.80
0.87,-1.48,1.80
0.88,-1.38,1.80
0.93,-1.37,1.80
0.98,-1.35,1.80
0.98,-1.26,1.80
1.05,-1.26,1.80
1.16,-1.32,1.80
1.42,-1.52,1.80
1.24,-1.24,1.80
1.39,-1.30,1.80
1.42,-1.25,1.80
1.46,-1.21,1.80
1.49,-1.16,1.80
1.52,-1.10,1.80
1.57,-1.07,1.80
1.56,-0.99,1.80
1.60,-0.95,1.80
1.81,-1.00,1.80
1.86,-0.95,1.80
1.86,-0.88,1.80
2.06,-0.89,1.80
1.93,-0.77,1.80
1.98,-0.71,1.80
2.09,-0.68,1.80
1.96,-0.57,1.80
2.05,-0.53,1.80
2.09,-0.47,1.80
2.09,-0.40,1.80
2.17,-0.34,1.80
2.13,-0.27,1.80
2.26,-0.21,1.80
2.22,-0.14,1.80
2.23,-0.07,1.80
1.06,0.00,1.90
1.40,0.04,1.90
1.26,0.08,1.90
1.38,0.13,1.90
1.26,0.16,1.90
1.34,0.21,1.90
1.03,0.20,1.90
1.30,0.29,1.90
1.15,0.30,1.90
1.28,0.37,1.90
1.23,0.40,1.90
1.21,0.44,1.90
1.10,0.44,1.90
1.24,0.54,1.90
1.36,0.64,1.90
1.11,0.57,1.90
1.22,0.67,1.90
1.05,0.62,1.90
1.12,0.71,1.90
1.03,0.70,1.90
1.01,0.73,1.90
0.96,0.74,1.90
1.16,0.96,1.90
1.20,1.06,1.90
0.99,0.93,1.90
1.14,1.14,1.90
1.15,1.23,1.90
1.06,1.20,1.90
1.07,1.29,1.90
0.97,1.25,1.90
0.95,1.30,1.90
0.93,1.37,1.90
0.93,1.47,1.90
0.86,1.45,1.90
0.83,1.51,1.90
0.79,1.55,1.90
0.70,1.49,1.90
0.68,1.58,1.90
0.61,1.54,1.90
0.55,1.52,1.90
0.50,1.53,1.90
0.46,1.60,1.90
0.41,1.61,1.90
0.37,1.64,1.90
0.27,1.39,1.90
0.24,1.54,1.90
0.20,1.61,1.90
0.14,1.50,1.90
0.10,1.63,1.90
0.04,1.39,1.90
-0.00,1.20,1.90
-0.04,1.27,1.90
-0.09,1.43,1.90
-0.15,1.55,1.90
-0.22,1.77,1.90
-0.31,1.94,1.90
-0.34,1.80,1.90
-0.34,1.53,1.90
-0.33,1.30,1.90
-0.27,0.91,1.90
-0.32,0.99,1.90
-0.32,0.89,1.90
-0.35,0.88,1.90
-0.37,0.86,1.90
-0.39,0.82,1.90
-0.43,0.85,1.90
-0.44,0.80,1.90
-0.47,0.79,1.90
-0.49,0.77,1.90
-0.48,0.71,1.90
-0.54,0.75,1.90
-0.58,0.74,1.90
-0.55,0.66,1.90
-0.60,0.69,1.90
-0.62,0.66,1.90
-0.54,0.54,1.90
-0.46,0.43,1.90
-0.47,0.41,1.90
-0.42,0.35,1.90
-0.24,0.18,1.90
-0.26,0.19,1.90
-0.39,0.27,1.90
-0.45,0.28,1.90
-0.45,0.27,1.90
-0.51,0.28,1.90
-0.49,0.25,1.90
-0.49,0.23,1.90
-0.45,0.19,1.90
-0.55,0.22,1.90
-0.37,0.13,1.90
-0.36,0.12,1.90
-0.48,0.14,1.90
-0.21,0.05,1.90
-0.21,0.05,1.90
-0.49,0.09,1.90
-0.28,0.04,1.90
-0.32,0.04,1.90
-0.53,0.05,1.90
-0.33,0.02,1.90
-0.17,0.01,1.90
-0.32,-0.00,1.90
-0.35,-0.01,1.90
-0.31,-0.02,1.90
-0.28,-0.03,1.90
-0.40,-0.05,1.90
-0.36,-0.06,1.90
-0.46,-0.09,1.90
-0.41,-0.09,1.90
-0.23,-0.06,1.90
-0.30,-0.09,1.90
-0.23,-0.07,1.90
-0.30,-0.11,1.90
-0.46,-0.18,1.90
-0.53,-0.23,1.90
-0.31,-0.15,1.90
-0.22,-0.11,1.90
-0.45,-0.25,1.90
-0.32,-0.19,1.90
-0.16,-0.10,1.90
-0.30,-0.20,1.90
-0.49,-0.36,1.90
-0.23,-0.18,1.90
-0.26,-0.21,1.90
-0.21,-0.18,1.90
-0.29,-0.27,1.90
-0.27,-0.27,1.90
-0.22,-0.23,1.90
-0.19,-0.21,1.90
-0.14,-0.17,1.90
-0.20,-0.26,1.90
-0.21,-0.29,1.90
-0.28,-0.41,1.90
-0.20,-0.32,1.90
-0.28,-0.47,1.90
-0.13,-0.24,1.90
-0.10,-0.20,1.90
-0.15,-0.33,1.90
-0.09,-0.20,1.90
-0.10,-0.26,1.90
-0.12,-0.34,1.90
-0.11,-0.33,1.90
-0.10,-0.35,1.90
-0.14,-0.53,1.90
-0.07,-0.33,1.90
-0.06,-0.30,1.90
-0.06,-0.37,1.90
-0.04,-0.29,1.90
-0.05,-0.56,1.90
-0.02,-0.24,1.90
-0.01,-0.24,1.90
0.00,-0.38,1.90
0.01,-0.45,1.90
0.02,-0.34,1.90
0.03,-0.28,1.90
0.04,-0.32,1.90
0.06,-0.39,1.90
0.05,-0.26,1.90
0.10,-0.43,1.90
0.10,-0.40,1.90
0.03,-0.12,1.90
0.10,-0.31,1.90
0.06,-0.18,1.90
0.12,-0.30,1.90
0.22,-0.51,1.90
0.12,-0.26,1.90
0.13,-0.26,1.90
0.22,-0.40,1.90
0.14,-0.24,1.90
0.20,-0.32,1.90
0.18,-0.27,1.90
0.19,-0.27,1.90
0.13,-0.17,1.90
0.18,-0.22,1.90
0.27,-0.31,1.90
0.22,-0.23,1.90
0.14,-0.14,1.90
0.17,-0.16,1.90
0.25,-0.22,1.90
0.33,-0.27,1.90
0.16,-0.12,1.90
0.40,-0.29,1.90
0.17,-0.11,1.90
0.33,-0.21,1.90
0.42,-0.25,1.90
0.60,-0.33,1.90
0.76,-0.39,1.90
0.68,-0.32,1.90
0.62,-0.27,1.90
0.64,-0.25,1.90
0.70,-0.25,1.90
0.75,-0.24,1.90
0.64,-0.19,1.90
0.67,-0.17,1.90
0.71,-0.16,1.90
0.60,-0.11,1.90
0.63,-0.10,1.90
0.81,-0.10,1.90
0.99,-0.09,1.90
0.90,-0.06,1.90
0.94,-0.03,1.90
-0.79,0.00,2.00
-0.51,-0.02,2.00
-0.28,-0.02,2.00
-0.50,-0.05,2.00
-0.45,-0.06,2.00
-0.38,-0.06,2.00
-0.55,-0.10,2.00
-0.66,-0.15,2.00
-0.69,-0.18,2.00
-0.57,-0.17,2.00
-0.52,-0.17,2.00
-0.56,-0.20,2.00
-0.48,-0.19,2.00
-0.56,-0.24,2.00
-0.48,-0.23,2.00
-0.63,-0.32,2.00
-0.59,-0.32,2.00
-0.42,-0.25,2.00
-0.41,-0.26,2.00
-0.51,-0.35,2.00
-0.49,-0.35,2.00
-0.36,-0.28,2.00
-0.54,-0.45,2.00
-0.36,-0.32,2.00
-0.35,-0.33,2.00
-0.36,-0.36,2.00
-0.26,-0.28,2.00
-0.36,-0.40,2.00
-0.27,-0.33,2.00
-0.23,-0.30,2.00
-0.22,-0.30,2.00
-0.20,-0.29,2.00
-0.26,-0.41,2.00
-0.20,-0.35,2.00
-0.22,-0.40,2.00
-0.26,-0.51,2.00
-0.26,-0.55,2.00
-0.18,-0.41,2.00
-0.17,-0.43,2.00
-0.24,-0.66,2.00
-0.21,-0.65,2.00
-0.17,-0.59,2.00
-0.17,-0.65,2.00
-0.13,-0.59,2.00
-0.16,-0.83,2.00
-0.12,-0.73,2.00
-0.09,-0.68,2.00
-0.08,-0.84,2.00
-0.05,-0.87,2.00
-0.03,-0.85,2.00
0.00,-0.93,2.00
0.03,-0.85,2.00
0.06,-0.90,2.00
0.07,-0.79,2.00
0.06,-0.45,2.00
0.07,-0.41,2.00
0.10,-0.55,2.00
0.13,-0.60,2.00
0.23,-0.90,2.00
0.43,-1.47,2.00
0.48,-1.47,2.00
0.53,-1.48,2.00
0.60,-1.51,2.00
0.60,-1.38,2.00
0.68,-1.45,2.00
0.76,-1.49,2.00
0.87,-1.58,2.00
0.82,-1.38,2.00
0.86,-1.36,2.00
0.87,-1.28,2.00
0.92,-1.27,2.00
0.97,-1.25,2.00
1.05,-1.27,2.00
1.08,-1.22,2.00
1.36,-1.44,2.00
1.51,-1.51,2.00
1.60,-1.50,2.00
1.66,-1.46,2.00
1.87,-1.54,2.00
1.85,-1.43,2.00
2.00,-1.45,2.00
2.13,-1.45,2.00
1.97,-1.25,2.00
2.08,-1.23,2.00
2.10,-1.16,2.00
2.12,-1.08,2.00
2.08,-0.98,2.00
2.16,-0.94,2.00
2.09,-0.83,2.00
2.36,-0.85,2.00
2.35,-0.76,2.00
2.33,-0.68,2.00
2.54,-0.65,2.00
2.44,-0.55,2.00
2.29,-0.44,2.00
2.62,-0.42,2.00
2.70,-0.34,2.00
2.60,-0.25,2.00
2.59,-0.16,2.00
2.55,-0.08,2.00
2.47,0.00,2.00
2.57,0.08,2.00
2.39,0.15,2.00
2.43,0.23,2.00
2.62,0.33,2.00
2.49,0.39,2.00
2.34,0.45,2.00
2.50,0.56,2.00
2.37,0.61,2.00
2.38,0.69,2.00
2.39,0.78,2.00
2.04,0.73,2.00
2.27,0.90,2.00
2.31,1.00,2.00
2.27,1.07,2.00
2.29,1.17,2.00
2.28,1.25,2.00
2.29,1.36,2.00
2.14,1.36,2.00
2.09,1.42,2.00
2.00,1.45,2.00
2.26,1.76,2.00
2.11,1.74,2.00
1.96,1.72,2.00
1.87,1.76,2.00
1.86,1.86,2.00
1.69,1.80,2.00
1.63,1.85,2.00
1.55,1.87,2.00
1.57,2.02,2.00
1.45,1.99,2.00
1.44,2.12,2.00
1.30,2.05,2.00
1.30,2.20,2.00
1.19,2.17,2.00
1.14,2.24,2.00
0.99,2.11,2.00
0.91,2.10,2.00
0.84,2.13,2.00
0.80,2.23,2.00
0.66,2.04,2.00
0.64,2.22,2.00
0.61,2.37,2.00
0.50,2.23,2.00
0.42,2.18,2.00
0.35,2.24,2.00
0.29,2.26,2.00
0.20,2.14,2.00
0.14,2.21,2.00
0.07,2.21,2.00
-0.00,2.15,2.00
-0.07,2.22,2.00
-0.13,2.08,2.00
-0.21,2.24,2.00
-0.29,2.31,2.00
-0.39,2.46,2.00
-0.45,2.37,2.00
-0.54,2.42,2.00
-0.61,2.36,2.00
-0.70,2.41,2.00
-0.72,2.23,2.00
-0.75,2.09,2.00
-0.85,2.15,2.00
-0.91,2.10,2.00
-0.95,2.02,2.00
-0.97,1.90,2.00
-0.99,1.80,2.00
-1.08,1.83,2.00
-1.12,1.77,2.00
-1.27,1.87,2.00
-1.32,1.82,2.00
-1.37,1.77,2.00
-1.45,1.75,2.00
-1.44,1.64,2.00
-1.42,1.51,2.00
-1.41,1.41,2.00
-1.41,1.33,2.00
-1.43,1.26,2.00
-1.50,1.24,2.00
-1.59,1.23,2.00
-1.53,1.11,2.00
-1.51,1.02,2.00
-1.60,1.02,2.00
-1.61,0.95,2.00
-1.60,0.88,2.00
-1.48,0.75,2.00
-1.50,0.70,2.00
-1.48,0.64,2.00
-1.43,0.56,2.00
-1.51,0.54,2.00
-1.49,0.48,2.00
-1.53,0.45,2.00
-1.53,0.39,2.00
-1.64,0.37,2.00
-1.52,0.29,2.00
-1.48,0.24,2.00
-1.28,0.16,2.00
-0.94,0.09,2.00
-0.71,0.04,2.00
-0.67,0.02,2.00
-3.38,0.00,2.10
-3.05,-0.10,2.10
-3.29,-0.21,2.10
-3.20,-0.30,2.10
-3.06,-0.39,2.10
-2.93,-0.46,2.10
-3.15,-0.60,2.10
-3.20,-0.71,2.10
-3.21,-0.82,2.10
-3.27,-0.95,2.10
-3.23,-1.05,2.10
-3.17,-1.14,2.10
-3.28,-1.30,2.10
-3.01,-1.30,2.10
-3.35,-1.57,2.10
-3.40,-1.73,2.10
-3.32,-1.82,2.10
-3.19,-1.89,2.10
-3.23,-2.05,2.10
-3.19,-2.17,2.10
-2.91,-2.12,2.10
-3.06,-2.37,2.10
-2.85,-2.36,2.10
-2.79,-2.46,2.10
-2.89,-2.71,2.10
-2.67,-2.67,2.10
-2.63,-2.80,2.10
-2.62,-2.98,2.10
-2.39,-2.89,2.10
-2.25,-2.90,2.10
-2.19,-3.01,2.10
-2.20,-3.24,2.10
-1.97,-3.11,2.10
-2.00,-3.38,2.10
-1.84,-3.36,2.10
-1.65,-3.25,2.10
-1.80,-3.82,2.10
-1.64,-3.79,2.10
-1.58,-3.98,2.10
-1.44,-4.00,2.10
-1.30,-3.99,2.10
-1.16,-4.00,2.10
-1.06,-4.13,2.10
-0.95,-4.27,2.10
-0.82,-4.29,2.10
-0.70,-4.39,2.10
-0.57,-4.48,2.10
-0.41,-4.38,2.10
-0.28,-4.49,2.10
-0.13,-4.24,2.10
0.00,-4.47,2.10
0.14,-4.55,2.10
0.28,-4.51,2.10
0.42,-4.48,2.10
0.50,-3.92,2.10
0.57,-3.58,2.10
0.70,-3.65,2.10
0.90,-4.03,2.10
1.14,-4.46,2.10
1.34,-4.60,2.10
1.53,-4.70,2.10
1.73,-4.81,2.10
1.90,-4.80,2.10
2.10,-4.86,2.10
2.21,-4.69,2.10
2.31,-4.53,2.10
2.50,-4.54,2.10
2.52,-4.26,2.10
2.73,-4.31,2.10
2.83,-4.16,2.10
2.98,-4.11,2.10
3.16,-4.07,2.10
3.15,-3.80,2.10
3.29,-3.73,2.10
3.62,-3.85,2.10
3.99,-3.99,2.10
4.14,-3.89,2.10
4.52,-3.98,2.10
4.62,-3.83,2.10
5.22,-3.31,2.10
5.44,-2.99,2.10
4.85,-2.47,2.10
5.61,-2.64,2.10
5.35,-2.32,2.10
5.64,-2.23,2.10
5.26,-1.89,2.10
6.03,-1.35,2.10
6.15,0.97,2.10
6.06,1.16,2.10
6.03,1.35,2.10
5.93,1.72,2.10
5.64,1.83,2.10
5.65,2.03,2.10
5.52,2.19,2.10
5.70,2.47,2.10
5.54,2.82,2.10
5.31,3.14,2.10
5.17,3.28,2.10
5.14,3.50,2.10
5.03,3.65,2.10
4.45,4.17,2.10
4.34,4.34,2.10
3.94,4.20,2.10
3.80,4.31,2.10
3.67,4.44,2.10
3.50,4.52,2.10
3.36,4.62,2.10
3.39,4.99,2.10
3.22,5.07,2.10
2.86,4.84,2.10
2.83,5.16,2.10
2.52,4.95,2.10
2.30,4.88,2.10
2.08,4.81,2.10
2.06,5.21,2.10
1.77,4.92,2.10
1.72,5.29,2.10
1.59,5.48,2.10
1.37,5.33,2.10
1.18,5.27,2.10
1.01,5.31,2.10
0.84,5.30,2.10
0.66,5.25,2.10
0.51,5.38,2.10
0.33,5.30,2.10
0.16,5.18,2.10
-0.00,5.32,2.10
-0.17,5.43,2.10
-0.31,4.96,2.10
-0.50,5.28,2.10
-0.66,5.20,2.10
-0.82,5.17,2.10
-1.00,5.26,2.10
-1.20,5.35,2.10
-1.34,5.21,2.10
-1.37,4.71,2.10
-1.67,5.14,2.10
-1.84,5.10,2.10
-1.86,4.70,2.10
-1.98,4.57,2.10
-2.09,4.44,2.10
-2.25,4.42,2.10
-2.27,4.12,2.10
-2.58,4.36,2.10
-2.79,4.40,2.10
-2.95,4.34,2.10
-3.15,4.33,2.10
-3.25,4.19,2.10
-3.46,4.18,2.10
-3.36,3.82,2.10
-3.30,3.51,2.10
-3.49,3.49,2.10
-3.45,3.24,2.10
-3.65,3.21,2.10
-3.23,2.68,2.10
-3.87,3.00,2.10
-3.69,2.68,2.10
-3.89,2.65,2.10
-4.19,2.66,2.10
-3.95,2.34,2.10
-4.22,2.32,2.10
-3.95,2.01,2.10
-4.10,1.93,2.10
-4.10,1.78,2.10
-4.21,1.67,2.10
-3.95,1.42,2.10
-4.24,1.38,2.10
-4.22,1.23,2.10
-4.15,1.06,2.10
-4.38,0.98,2.10
-4.38,0.84,2.10
-4.30,0.68,2.10
-4.02,0.51,2.10
-3.92,0.37,2.10
-3.91,0.25,2.10
-3.46,0.11,2.10
