3.02,0.00,0.00
2.90,0.09,0.00
2.94,0.19,0.00
2.87,0.27,0.00
2.87,0.36,0.00
2.91,0.46,0.00
2.91,0.55,0.00
2.93,0.65,0.00
2.88,0.74,0.00
2.98,0.86,0.00
2.95,0.96,0.00
2.98,1.07,0.00
2.99,1.18,0.00
3.00,1.30,0.00
3.11,1.46,0.00
3.17,1.61,0.00
3.16,1.74,0.00
3.09,1.83,0.00
3.11,1.97,0.00
3.08,2.09,0.00
3.06,2.22,0.00
3.04,2.36,0.00
3.08,2.55,0.00
3.02,2.66,0.00
3.01,2.83,0.00
3.00,3.00,0.00
2.89,3.08,0.00
2.77,3.14,0.00
2.67,3.23,0.00
2.54,3.28,0.00
2.32,3.20,0.00
2.20,3.23,0.00
2.10,3.31,0.00
2.03,3.44,0.00
1.88,3.42,0.00
1.71,3.35,0.00
1.57,3.34,0.00
1.45,3.35,0.00
1.34,3.39,0.00
1.24,3.44,0.00
1.08,3.33,0.00
0.98,3.39,0.00
0.85,3.31,0.00
0.72,3.23,0.00
0.63,3.31,0.00
0.51,3.20,0.00
0.39,3.12,0.00
0.29,3.10,0.00
0.20,3.15,0.00
0.10,3.22,0.00
-0.00,3.05,0.00
-0.10,3.04,0.00
-0.19,2.96,0.00
-0.28,2.93,0.00
-0.38,2.99,0.00
-0.46,2.90,0.00
-0.55,2.88,0.00
-0.65,2.91,0.00
-0.73,2.86,0.00
-0.82,2.84,0.00
-0.93,2.87,0.00
-1.03,2.85,0.00
-1.09,2.75,0.00
-1.18,2.72,0.00
-1.29,2.75,0.00
-1.37,2.70,0.00
-1.50,2.73,0.00
-1.60,2.70,0.00
-1.65,2.59,0.00
-1.81,2.66,0.00
-1.91,2.63,0.00
-1.95,2.52,0.00
-2.10,2.54,0.00
-2.19,2.48,0.00
-2.27,2.42,0.00
-2.43,2.43,0.00
-2.49,2.34,0.00
-2.44,2.15,0.00
-2.55,2.11,0.00
-2.61,2.02,0.00
-2.66,1.93,0.00
-2.75,1.87,0.00
-2.81,1.78,0.00
-2.85,1.68,0.00
-2.91,1.60,0.00
-2.93,1.49,0.00
-2.87,1.35,0.00
-2.97,1.29,0.00
-2.93,1.16,0.00
-2.97,1.07,0.00
-3.02,0.98,0.00
-3.02,0.88,0.00
-3.10,0.80,0.00
-3.07,0.69,0.00
-3.09,0.59,0.00
-3.05,0.48,0.00
-3.20,0.40,0.00
-3.10,0.29,0.00
-3.14,0.20,0.00
-3.14,0.10,0.00
-3.11,-0.00,0.00
-3.13,-0.10,0.00
-3.23,-0.20,0.00
-3.13,-0.30,0.00
-3.10,-0.39,0.00
-3.13,-0.50,0.00
-3.11,-0.59,0.00
-3.06,-0.68,0.00
-3.11,-0.80,0.00
-3.06,-0.89,0.00
-3.01,-0.98,0.00
-3.10,-1.12,0.00
-2.98,-1.18,0.00
-3.00,-1.30,0.00
-3.02,-1.42,0.00
-2.97,-1.51,0.00
-2.92,-1.61,0.00
-2.83,-1.67,0.00
-2.81,-1.79,0.00
-2.77,-1.88,0.00
-2.64,-1.92,0.00
-2.63,-2.04,0.00
-2.55,-2.11,0.00
-2.46,-2.17,0.00
-2.42,-2.27,0.00
-2.34,-2.34,0.00
-2.25,-2.39,0.00
-2.17,-2.46,0.00
-2.08,-2.51,0.00
-2.02,-2.61,0.00
-1.99,-2.74,0.00
-1.92,-2.82,0.00
-1.76,-2.77,0.00
-1.65,-2.79,0.00
-1.63,-2.96,0.00
-1.47,-2.89,0.00
-1.34,-2.85,0.00
-1.23,-2.85,0.00
-1.16,-2.94,0.00
-1.06,-2.96,0.00
-0.95,-2.92,0.00
-0.89,-3.08,0.00
-0.80,-3.11,0.00
-0.68,-3.05,0.00
-0.59,-3.08,0.00
-0.49,-3.12,0.00
-0.42,-3.30,0.00
-0.31,-3.33,0.00
-0.21,-3.27,0.00
-0.10,-3.29,0.00
0.00,-3.28,0.00
0.10,-3.25,0.00
0.21,-3.29,0.00
0.33,-3.51,0.00
0.43,-3.42,0.00
0.56,-3.51,0.00
0.68,-3.55,0.00
0.79,-3.54,0.00
0.90,-3.50,0.00
1.03,-3.55,0.00
1.18,-3.64,0.00
1.32,-3.68,0.00
1.46,-3.69,0.00
1.61,-3.73,0.00
1.83,-3.88,0.00
1.96,-3.85,0.00
2.14,-3.90,0.00
2.24,-3.79,0.00
2.33,-3.67,0.00
2.41,-3.54,0.00
2.52,-3.46,0.00
2.58,-3.33,0.00
2.65,-3.20,0.00
2.67,-3.03,0.00
2.69,-2.86,0.00
2.75,-2.75,0.00
2.81,-2.64,0.00
2.85,-2.51,0.00
2.87,-2.37,0.00
2.85,-2.21,0.00
2.85,-2.07,0.00
2.86,-1.95,0.00
2.82,-1.79,0.00
2.84,-1.68,0.00
2.82,-1.55,0.00
2.89,-1.47,0.00
2.82,-1.32,0.00
2.84,-1.23,0.00
2.83,-1.12,0.00
2.80,-1.01,0.00
2.79,-0.91,0.00
2.96,-0.86,0.00
2.87,-0.74,0.00
2.82,-0.63,0.00
2.96,-0.56,0.00
2.96,-0.47,0.00
2.86,-0.36,0.00
2.74,-0.26,0.00
2.80,-0.18,0.00
2.77,-0.09,0.00
2.87,0.00,0.10
2.88,0.09,0.10
3.01,0.19,0.10
2.91,0.28,0.10
3.03,0.38,0.10
2.92,0.46,0.10
3.06,0.58,0.10
2.93,0.66,0.10
3.02,0.77,0.10
2.97,0.86,0.10
3.00,0.98,0.10
3.04,1.10,0.10
3.08,1.22,0.10
3.10,1.34,0.10
3.11,1.46,0.10
3.09,1.58,0.10
3.23,1.77,0.10
3.06,1.81,0.10
3.15,2.00,0.10
3.09,2.10,0.10
3.06,2.22,0.10
3.03,2.35,0.10
3.13,2.59,0.10
3.08,2.72,0.10
3.10,2.91,0.10
3.06,3.06,0.10
2.95,3.14,0.10
2.87,3.26,0.10
2.70,3.26,0.10
2.60,3.35,0.10
2.40,3.30,0.10
2.22,3.27,0.10
2.13,3.36,0.10
2.00,3.37,0.10
1.90,3.47,0.10
1.75,3.44,0.10
1.59,3.39,0.10
1.54,3.57,0.10
1.34,3.37,0.10
1.22,3.40,0.10
1.05,3.23,0.10
0.97,3.33,0.10
0.86,3.33,0.10
0.74,3.32,0.10
0.61,3.19,0.10
0.51,3.23,0.10
0.41,3.23,0.10
0.31,3.27,0.10
0.19,3.09,0.10
0.10,3.07,0.10
-0.00,3.24,0.10
-0.10,3.10,0.10
-0.19,3.05,0.10
-0.29,3.03,0.10
-0.39,3.10,0.10
-0.49,3.12,0.10
-0.55,2.87,0.10
-0.62,2.78,0.10
-0.71,2.77,0.10
-0.84,2.88,0.10
-0.92,2.83,0.10
-1.00,2.77,0.10
-1.07,2.70,0.10
-1.19,2.76,0.10
-1.29,2.74,0.10
-1.39,2.73,0.10
-1.50,2.73,0.10
-1.58,2.67,0.10
-1.64,2.58,0.10
-1.71,2.51,0.10
-1.91,2.63,0.10
-1.93,2.49,0.10
-2.03,2.45,0.10
-2.15,2.44,0.10
-2.25,2.40,0.10
-2.46,2.46,0.10
-2.54,2.38,0.10
-2.56,2.26,0.10
-2.55,2.11,0.10
-2.53,1.96,0.10
-2.63,1.91,0.10
-2.65,1.80,0.10
-2.83,1.79,0.10
-2.85,1.69,0.10
-2.82,1.55,0.10
-2.87,1.46,0.10
-2.92,1.37,0.10
-3.06,1.32,0.10
-3.07,1.21,0.10
-3.03,1.09,0.10
-3.17,1.03,0.10
-3.25,0.95,0.10
-3.16,0.81,0.10
-3.14,0.70,0.10
-3.27,0.62,0.10
-3.30,0.52,0.10
-3.21,0.41,0.10
-3.22,0.30,0.10
-3.26,0.21,0.10
-3.25,0.10,0.10
-3.26,-0.00,0.10
-3.24,-0.10,0.10
-3.23,-0.20,0.10
-3.21,-0.30,0.10
-3.22,-0.41,0.10
-3.22,-0.51,0.10
-3.19,-0.61,0.10
-3.18,-0.71,0.10
-3.15,-0.81,0.10
-3.11,-0.90,0.10
-3.09,-1.00,0.10
-3.09,-1.11,0.10
-3.09,-1.22,0.10
-3.01,-1.30,0.10
-2.96,-1.39,0.10
-2.88,-1.47,0.10
-2.86,-1.57,0.10
-2.81,-1.66,0.10
-2.79,-1.77,0.10
-2.74,-1.86,0.10
-2.71,-1.97,0.10
-2.70,-2.09,0.10
-2.68,-2.22,0.10
-2.54,-2.24,0.10
-2.53,-2.38,0.10
-2.40,-2.40,0.10
-2.29,-2.44,0.10
-2.24,-2.54,0.10
-2.18,-2.63,0.10
-2.10,-2.71,0.10
-1.98,-2.73,0.10
-1.98,-2.91,0.10
-1.79,-2.81,0.10
-1.66,-2.80,0.10
-1.59,-2.89,0.10
-1.47,-2.88,0.10
-1.42,-3.01,0.10
-1.26,-2.92,0.10
-1.19,-3.01,0.10
-1.13,-3.13,0.10
-1.00,-3.07,0.10
-0.90,-3.11,0.10
-0.82,-3.21,0.10
-0.70,-3.13,0.10
-0.61,-3.21,0.10
-0.52,-3.30,0.10
-0.43,-3.40,0.10
-0.31,-3.28,0.10
-0.21,-3.35,0.10
-0.11,-3.39,0.10
0.00,-3.42,0.10
0.11,-3.41,0.10
0.21,-3.39,0.10
0.33,-3.51,0.10
0.44,-3.51,0.10
0.57,-3.61,0.10
0.68,-3.55,0.10
0.81,-3.61,0.10
0.91,-3.54,0.10
1.06,-3.64,0.10
1.21,-3.73,0.10
1.35,-3.76,0.10
1.52,-3.84,0.10
1.64,-3.80,0.10
1.85,-3.94,0.10
2.01,-3.95,0.10
2.16,-3.93,0.10
2.35,-3.97,0.10
2.38,-3.75,0.10
2.50,-3.68,0.10
2.54,-3.50,0.10
2.65,-3.42,0.10
2.68,-3.24,0.10
2.65,-3.01,0.10
2.77,-2.95,0.10
2.81,-2.81,0.10
2.86,-2.68,0.10
2.97,-2.62,0.10
2.96,-2.45,0.10
2.93,-2.27,0.10
2.89,-2.10,0.10
3.05,-2.08,0.10
2.87,-1.82,0.10
2.97,-1.76,0.10
2.90,-1.60,0.10
2.99,-1.52,0.10
2.99,-1.41,0.10
2.96,-1.28,0.10
2.89,-1.14,0.10
2.93,-1.06,0.10
2.90,-0.94,0.10
2.98,-0.87,0.10
3.02,-0.78,0.10
2.90,-0.65,0.10
2.81,-0.54,0.10
2.89,-0.46,0.10
2.89,-0.36,0.10
2.97,-0.28,0.10
2.80,-0.18,0.10
2.87,-0.09,0.10
3.00,0.00,0.20
2.96,0.09,0.20
2.85,0.18,0.20
2.82,0.27,0.20
3.06,0.39,0.20
2.88,0.46,0.20
2.96,0.56,0.20
2.97,0.66,0.20
2.99,0.77,0.20
2.96,0.86,0.20
3.06,0.99,0.20
3.03,1.09,0.20
3.13,1.24,0.20
3.18,1.37,0.20
3.09,1.45,0.20
3.17,1.61,0.20
3.13,1.72,0.20
3.08,1.82,0.20
3.11,1.97,0.20
3.07,2.09,0.20
3.10,2.25,0.20
3.09,2.40,0.20
3.08,2.55,0.20
3.11,2.74,0.20
3.08,2.89,0.20
3.06,3.06,0.20
2.93,3.12,0.20
2.83,3.21,0.20
2.66,3.21,0.20
2.56,3.30,0.20
2.38,3.27,0.20
2.24,3.30,0.20
2.05,3.24,0.20
2.02,3.41,0.20
1.90,3.45,0.20
1.73,3.39,0.20
1.58,3.36,0.20
1.50,3.47,0.20
1.34,3.39,0.20
1.21,3.37,0.20
1.08,3.31,0.20
0.96,3.29,0.20
0.87,3.40,0.20
0.72,3.22,0.20
0.59,3.11,0.20
0.51,3.21,0.20
0.40,3.13,0.20
0.30,3.18,0.20
0.20,3.10,0.20
0.10,3.09,0.20
-0.00,3.12,0.20
-0.10,3.06,0.20
-0.18,2.91,0.20
-0.27,2.86,0.20
-0.36,2.89,0.20
-0.45,2.82,0.20
-0.53,2.76,0.20
-0.62,2.78,0.20
-0.71,2.75,0.20
-0.82,2.82,0.20
-0.89,2.75,0.20
-1.01,2.81,0.20
-1.05,2.66,0.20
-1.13,2.62,0.20
-1.30,2.76,0.20
-1.32,2.59,0.20
-1.52,2.76,0.20
-1.57,2.65,0.20
-1.68,2.65,0.20
-1.68,2.47,0.20
-1.84,2.53,0.20
-1.89,2.44,0.20
-2.08,2.51,0.20
-2.14,2.43,0.20
-2.29,2.44,0.20
-2.38,2.38,0.20
-2.41,2.26,0.20
-2.45,2.16,0.20
-2.60,2.15,0.20
-2.57,2.00,0.20
-2.67,1.94,0.20
-2.73,1.86,0.20
-2.73,1.73,0.20
-2.80,1.66,0.20
-2.87,1.58,0.20
-2.94,1.50,0.20
-2.89,1.36,0.20
-3.02,1.31,0.20
-2.96,1.17,0.20
-3.11,1.12,0.20
-3.04,0.99,0.20
-3.19,0.93,0.20
-3.15,0.81,0.20
-3.26,0.73,0.20
-3.16,0.60,0.20
-3.25,0.51,0.20
-3.30,0.42,0.20
-3.17,0.30,0.20
-3.25,0.20,0.20
-3.33,0.10,0.20
-3.21,-0.00,0.20
-3.26,-0.10,0.20
-3.18,-0.20,0.20
-3.27,-0.31,0.20
-3.19,-0.40,0.20
-3.24,-0.51,0.20
-3.24,-0.62,0.20
-3.21,-0.72,0.20
-3.10,-0.80,0.20
-3.18,-0.92,0.20
-3.24,-1.05,0.20
-3.01,-1.08,0.20
-3.00,-1.19,0.20
-3.13,-1.35,0.20
-2.94,-1.38,0.20
-2.87,-1.46,0.20
-2.86,-1.57,0.20
-2.74,-1.62,0.20
-2.78,-1.76,0.20
-2.82,-1.92,0.20
-2.77,-2.01,0.20
-2.67,-2.07,0.20
-2.63,-2.17,0.20
-2.55,-2.25,0.20
-2.47,-2.32,0.20
-2.45,-2.45,0.20
-2.41,-2.57,0.20
-2.28,-2.59,0.20
-2.22,-2.68,0.20
-2.12,-2.73,0.20
-1.99,-2.75,0.20
-1.92,-2.83,0.20
-1.80,-2.83,0.20
-1.65,-2.79,0.20
-1.62,-2.94,0.20
-1.50,-2.94,0.20
-1.36,-2.90,0.20
-1.27,-2.93,0.20
-1.24,-3.13,0.20
-1.12,-3.11,0.20
-1.02,-3.13,0.20
-0.90,-3.10,0.20
-0.84,-3.27,0.20
-0.70,-3.14,0.20
-0.61,-3.18,0.20
-0.52,-3.30,0.20
-0.40,-3.19,0.20
-0.31,-3.27,0.20
-0.21,-3.38,0.20
-0.11,-3.35,0.20
0.00,-3.37,0.20
0.11,-3.38,0.20
0.22,-3.46,0.20
0.33,-3.49,0.20
0.46,-3.63,0.20
0.56,-3.53,0.20
0.69,-3.60,0.20
0.81,-3.60,0.20
0.92,-3.58,0.20
1.04,-3.58,0.20
1.22,-3.74,0.20
1.34,-3.72,0.20
1.51,-3.81,0.20
1.66,-3.83,0.20
1.86,-3.95,0.20
2.01,-3.94,0.20
2.17,-3.95,0.20
2.33,-3.93,0.20
2.40,-3.79,0.20
2.51,-3.69,0.20
2.54,-3.49,0.20
2.59,-3.34,0.20
2.58,-3.12,0.20
2.67,-3.02,0.20
2.84,-3.03,0.20
2.89,-2.89,0.20
2.86,-2.69,0.20
2.83,-2.49,0.20
2.87,-2.38,0.20
2.85,-2.21,0.20
2.96,-2.15,0.20
2.99,-2.03,0.20
2.92,-1.86,0.20
2.91,-1.72,0.20
2.82,-1.55,0.20
2.94,-1.50,0.20
3.03,-1.43,0.20
2.91,-1.26,0.20
2.81,-1.11,0.20
2.86,-1.03,0.20
2.96,-0.96,0.20
2.95,-0.86,0.20
2.88,-0.74,0.20
2.90,-0.65,0.20
2.76,-0.53,0.20
2.76,-0.44,0.20
2.76,-0.35,0.20
2.95,-0.28,0.20
2.94,-0.18,0.20
2.98,-0.09,0.20
2.89,0.00,0.30
2.86,0.09,0.30
2.85,0.18,0.30
2.94,0.28,0.30
2.80,0.35,0.30
2.77,0.44,0.30
2.99,0.57,0.30
2.91,0.65,0.30
3.01,0.77,0.30
2.94,0.85,0.30
2.99,0.97,0.30
3.15,1.13,0.30
3.15,1.25,0.30
3.16,1.37,0.30
3.12,1.47,0.30
3.14,1.60,0.30
3.16,1.74,0.30
3.03,1.79,0.30
3.10,1.97,0.30
3.07,2.09,0.30
3.10,2.25,0.30
3.12,2.42,0.30
3.02,2.50,0.30
3.07,2.70,0.30
3.12,2.93,0.30
3.02,3.02,0.30
2.98,3.17,0.30
2.85,3.23,0.30
2.65,3.20,0.30
2.61,3.36,0.30
2.37,3.26,0.30
2.28,3.36,0.30
2.09,3.29,0.30
1.95,3.30,0.30
1.89,3.43,0.30
1.74,3.41,0.30
1.61,3.42,0.30
1.47,3.40,0.30
1.35,3.40,0.30
1.24,3.44,0.30
1.04,3.21,0.30
0.95,3.25,0.30
0.87,3.38,0.30
0.73,3.25,0.30
0.60,3.17,0.30
0.52,3.25,0.30
0.38,3.02,0.30
0.28,3.01,0.30
0.19,2.96,0.30
0.09,2.99,0.30
-0.00,3.05,0.30
-0.10,3.08,0.30
-0.18,2.90,0.30
-0.28,2.95,0.30
-0.37,2.92,0.30
-0.44,2.76,0.30
-0.54,2.83,0.30
-0.62,2.76,0.30
-0.76,2.95,0.30
-0.81,2.80,0.30
-0.93,2.87,0.30
-0.98,2.72,0.30
-1.06,2.67,0.30
-1.15,2.65,0.30
-1.25,2.65,0.30
-1.30,2.56,0.30
-1.53,2.79,0.30
-1.56,2.63,0.30
-1.65,2.60,0.30
-1.69,2.48,0.30
-1.78,2.45,0.30
-1.96,2.52,0.30
-2.06,2.49,0.30
-2.11,2.39,0.30
-2.25,2.40,0.30
-2.30,2.30,0.30
-2.38,2.23,0.30
-2.44,2.15,0.30
-2.53,2.09,0.30
-2.59,2.01,0.30
-2.60,1.89,0.30
-2.63,1.79,0.30
-2.75,1.75,0.30
-2.77,1.64,0.30
-2.91,1.60,0.30
-2.85,1.45,0.30
-2.89,1.36,0.30
-2.95,1.28,0.30
-3.09,1.22,0.30
-3.05,1.10,0.30
-3.17,1.03,0.30
-3.12,0.91,0.30
-3.16,0.81,0.30
-3.20,0.72,0.30
-3.16,0.60,0.30
-3.15,0.50,0.30
-3.15,0.40,0.30
-3.22,0.30,0.30
-3.26,0.21,0.30
-3.27,0.10,0.30
-3.34,-0.00,0.30
-3.28,-0.10,0.30
-3.24,-0.20,0.30
-3.22,-0.30,0.30
-3.31,-0.42,0.30
-3.21,-0.51,0.30
-3.23,-0.62,0.30
-3.17,-0.71,0.30
-3.13,-0.80,0.30
-3.07,-0.89,0.30
-3.07,-1.00,0.30
-3.08,-1.11,0.30
-2.96,-1.17,0.30
-2.92,-1.27,0.30
-2.97,-1.40,0.30
-2.90,-1.48,0.30
-3.06,-1.68,0.30
-2.79,-1.65,0.30
-2.75,-1.74,0.30
-2.72,-1.85,0.30
-2.77,-2.01,0.30
-2.75,-2.13,0.30
-2.68,-2.22,0.30
-2.61,-2.30,0.30
-2.55,-2.39,0.30
-2.41,-2.41,0.30
-2.36,-2.51,0.30
-2.28,-2.59,0.30
-2.18,-2.64,0.30
-2.16,-2.79,0.30
-2.05,-2.82,0.30
-1.91,-2.81,0.30
-1.80,-2.83,0.30
-1.71,-2.90,0.30
-1.58,-2.88,0.30
-1.50,-2.95,0.30
-1.39,-2.95,0.30
-1.28,-2.95,0.30
-1.21,-3.05,0.30
-1.09,-3.03,0.30
-0.98,-3.01,0.30
-0.91,-3.13,0.30
-0.82,-3.18,0.30
-0.71,-3.16,0.30
-0.60,-3.12,0.30
-0.51,-3.22,0.30
-0.41,-3.26,0.30
-0.31,-3.27,0.30
-0.21,-3.40,0.30
-0.11,-3.37,0.30
0.00,-3.36,0.30
0.11,-3.39,0.30
0.22,-3.45,0.30
0.33,-3.48,0.30
0.44,-3.52,0.30
0.56,-3.53,0.30
0.68,-3.57,0.30
0.84,-3.75,0.30
0.93,-3.61,0.30
1.05,-3.61,0.30
1.18,-3.63,0.30
1.34,-3.72,0.30
1.52,-3.85,0.30
1.65,-3.81,0.30
1.84,-3.90,0.30
2.00,-3.92,0.30
2.16,-3.92,0.30
2.30,-3.89,0.30
2.39,-3.77,0.30
2.47,-3.63,0.30
2.55,-3.51,0.30
2.56,-3.30,0.30
2.57,-3.10,0.30
2.64,-2.99,0.30
2.78,-2.96,0.30
2.82,-2.82,0.30
2.82,-2.65,0.30
2.87,-2.53,0.30
2.90,-2.40,0.30
2.85,-2.21,0.30
2.86,-2.08,0.30
2.87,-1.95,0.30
2.88,-1.83,0.30
2.93,-1.73,0.30
2.96,-1.62,0.30
2.85,-1.45,0.30
3.01,-1.42,0.30
2.92,-1.26,0.30
2.87,-1.14,0.30
2.86,-1.03,0.30
2.97,-0.97,0.30
2.83,-0.82,0.30
2.85,-0.73,0.30
2.81,-0.63,0.30
2.83,-0.54,0.30
2.96,-0.47,0.30
3.10,-0.39,0.30
2.83,-0.27,0.30
2.79,-0.18,0.30
2.96,-0.09,0.30
2.96,0.00,0.40
2.88,0.09,0.40
2.95,0.19,0.40
2.86,0.27,0.40
2.92,0.37,0.40
2.79,0.44,0.40
2.77,0.53,0.40
2.82,0.63,0.40
2.86,0.73,0.40
2.99,0.87,0.40
2.93,0.95,0.40
2.94,1.06,0.40
3.15,1.25,0.40
2.96,1.28,0.40
3.06,1.44,0.40
3.08,1.57,0.40
3.05,1.68,0.40
3.07,1.81,0.40
3.11,1.97,0.40
3.12,2.12,0.40
3.09,2.24,0.40
3.16,2.45,0.40
3.05,2.52,0.40
3.00,2.64,0.40
3.07,2.88,0.40
2.99,2.99,0.40
2.97,3.16,0.40
2.86,3.24,0.40
2.70,3.27,0.40
2.54,3.28,0.40
2.38,3.28,0.40
2.24,3.30,0.40
2.11,3.33,0.40
1.95,3.30,0.40
1.86,3.39,0.40
1.77,3.47,0.40
1.57,3.34,0.40
1.49,3.45,0.40
1.33,3.36,0.40
1.22,3.40,0.40
1.08,3.31,0.40
0.95,3.28,0.40
0.83,3.23,0.40
0.72,3.22,0.40
0.61,3.19,0.40
0.50,3.17,0.40
0.41,3.21,0.40
0.29,3.06,0.40
0.19,2.97,0.40
0.10,3.26,0.40
-0.00,3.06,0.40
-0.09,3.01,0.40
-0.18,2.93,0.40
-0.28,2.94,0.40
-0.36,2.86,0.40
-0.44,2.81,0.40
-0.54,2.81,0.40
-0.64,2.85,0.40
-0.70,2.73,0.40
-0.81,2.79,0.40
-0.87,2.68,0.40
-1.02,2.84,0.40
-1.10,2.78,0.40
-1.13,2.60,0.40
-1.28,2.72,0.40
-1.33,2.61,0.40
-1.47,2.67,0.40
-1.54,2.61,0.40
-1.63,2.56,0.40
-1.77,2.61,0.40
-1.83,2.51,0.40
-1.84,2.37,0.40
-2.05,2.47,0.40
-2.14,2.42,0.40
-2.31,2.46,0.40
-2.26,2.26,0.40
-2.31,2.17,0.40
-2.52,2.22,0.40
-2.49,2.06,0.40
-2.56,1.98,0.40
-2.68,1.95,0.40
-2.78,1.89,0.40
-2.76,1.75,0.40
-2.69,1.59,0.40
-2.86,1.57,0.40
-2.90,1.48,0.40
-2.98,1.40,0.40
-3.03,1.31,0.40
-2.95,1.17,0.40
-3.15,1.13,0.40
-3.10,1.01,0.40
-3.11,0.90,0.40
-3.14,0.81,0.40
-3.16,0.71,0.40
-3.22,0.61,0.40
-3.24,0.51,0.40
-3.25,0.41,0.40
-3.16,0.30,0.40
-3.32,0.21,0.40
-3.33,0.10,0.40
-3.27,-0.00,0.40
-3.29,-0.10,0.40
-3.21,-0.20,0.40
-3.16,-0.30,0.40
-3.19,-0.40,0.40
-3.16,-0.50,0.40
-3.19,-0.61,0.40
-3.12,-0.70,0.40
-3.19,-0.82,0.40
-3.13,-0.91,0.40
-3.12,-1.01,0.40
-3.05,-1.10,0.40
-3.02,-1.19,0.40
-2.96,-1.28,0.40
-2.95,-1.39,0.40
-2.90,-1.48,0.40
-2.84,-1.56,0.40
-2.83,-1.67,0.40
-2.85,-1.81,0.40
-2.65,-1.80,0.40
-2.67,-1.94,0.40
-2.75,-2.13,0.40
-2.60,-2.15,0.40
-2.55,-2.24,0.40
-2.44,-2.29,0.40
-2.45,-2.45,0.40
-2.32,-2.47,0.40
-2.28,-2.58,0.40
-2.20,-2.66,0.40
-2.18,-2.81,0.40
-2.01,-2.77,0.40
-1.94,-2.86,0.40
-1.83,-2.89,0.40
-1.75,-2.96,0.40
-1.66,-3.03,0.40
-1.47,-2.88,0.40
-1.41,-3.01,0.40
-1.28,-2.95,0.40
-1.19,-3.00,0.40
-1.09,-3.02,0.40
-1.00,-3.07,0.40
-0.92,-3.16,0.40
-0.82,-3.20,0.40
-0.70,-3.13,0.40
-0.63,-3.30,0.40
-0.50,-3.18,0.40
-0.41,-3.21,0.40
-0.31,-3.28,0.40
-0.21,-3.30,0.40
-0.11,-3.40,0.40
0.00,-3.51,0.40
0.11,-3.38,0.40
0.21,-3.40,0.40
0.34,-3.57,0.40
0.46,-3.62,0.40
0.56,-3.52,0.40
0.68,-3.56,0.40
0.80,-3.58,0.40
0.92,-3.58,0.40
1.03,-3.55,0.40
1.20,-3.70,0.40
1.32,-3.66,0.40
1.48,-3.75,0.40
1.64,-3.79,0.40
1.84,-3.92,0.40
2.01,-3.94,0.40
2.19,-3.99,0.40
2.28,-3.86,0.40
2.42,-3.81,0.40
2.48,-3.65,0.40
2.50,-3.45,0.40
2.63,-3.39,0.40
2.56,-3.09,0.40
2.67,-3.03,0.40
2.79,-2.98,0.40
2.80,-2.80,0.40
2.85,-2.68,0.40
2.87,-2.53,0.40
2.86,-2.36,0.40
2.90,-2.25,0.40
2.78,-2.02,0.40
2.83,-1.92,0.40
2.88,-1.83,0.40
2.83,-1.68,0.40
2.79,-1.53,0.40
2.86,-1.46,0.40
2.80,-1.32,0.40
2.74,-1.18,0.40
2.84,-1.12,0.40
2.90,-1.05,0.40
2.82,-0.91,0.40
2.78,-0.81,0.40
2.79,-0.72,0.40
2.85,-0.64,0.40
2.79,-0.53,0.40
2.78,-0.44,0.40
2.76,-0.35,0.40
2.81,-0.27,0.40
2.75,-0.17,0.40
2.85,-0.09,0.40
2.64,0.00,0.50
2.72,0.09,0.50
2.70,0.17,0.50
2.62,0.25,0.50
2.69,0.34,0.50
2.67,0.42,0.50
2.67,0.51,0.50
2.87,0.64,0.50
2.69,0.69,0.50
2.69,0.78,0.50
2.81,0.91,0.50
2.93,1.06,0.50
2.99,1.18,0.50
2.86,1.24,0.50
2.99,1.41,0.50
3.05,1.55,0.50
2.96,1.63,0.50
3.15,1.86,0.50
3.11,1.97,0.50
3.04,2.07,0.50
3.00,2.18,0.50
3.04,2.35,0.50
3.05,2.52,0.50
3.00,2.65,0.50
3.07,2.88,0.50
3.04,3.04,0.50
2.92,3.11,0.50
2.84,3.23,0.50
2.66,3.22,0.50
2.53,3.26,0.50
2.39,3.29,0.50
2.25,3.32,0.50
2.09,3.29,0.50
1.97,3.34,0.50
1.87,3.41,0.50
1.76,3.45,0.50
1.62,3.44,0.50
1.49,3.43,0.50
1.34,3.39,0.50
1.20,3.34,0.50
1.08,3.32,0.50
0.96,3.30,0.50
0.83,3.23,0.50
0.71,3.20,0.50
0.61,3.22,0.50
0.54,3.40,0.50
0.38,3.04,0.50
0.29,3.03,0.50
0.20,3.10,0.50
0.10,3.07,0.50
-0.00,3.09,0.50
-0.09,2.98,0.50
-0.18,2.82,0.50
-0.27,2.86,0.50
-0.35,2.80,0.50
-0.44,2.78,0.50
-0.54,2.84,0.50
-0.65,2.91,0.50
-0.72,2.82,0.50
-0.79,2.73,0.50
-0.89,2.75,0.50
-0.96,2.67,0.50
-1.02,2.58,0.50
-1.13,2.61,0.50
-1.23,2.62,0.50
-1.36,2.67,0.50
-1.39,2.52,0.50
-1.48,2.51,0.50
-1.60,2.53,0.50
-1.79,2.64,0.50
-1.86,2.56,0.50
-1.87,2.41,0.50
-2.10,2.53,0.50
-2.13,2.42,0.50
-2.20,2.34,0.50
-2.32,2.32,0.50
-2.40,2.26,0.50
-2.41,2.12,0.50
-2.47,2.05,0.50
-2.53,1.96,0.50
-2.61,1.90,0.50
-2.71,1.84,0.50
-2.65,1.68,0.50
-2.67,1.58,0.50
-2.78,1.53,0.50
-2.79,1.42,0.50
-2.80,1.32,0.50
-2.76,1.19,0.50
-2.87,1.14,0.50
-2.82,1.02,0.50
-2.91,0.95,0.50
-3.03,0.88,0.50
-3.13,0.80,0.50
-3.31,0.74,0.50
-3.28,0.63,0.50
-3.20,0.51,0.50
-3.33,0.42,0.50
-3.20,0.30,0.50
-3.30,0.21,0.50
-3.40,0.11,0.50
-3.24,-0.00,0.50
-3.28,-0.10,0.50
-3.17,-0.20,0.50
-3.23,-0.31,0.50
-3.24,-0.41,0.50
-3.26,-0.52,0.50
-3.16,-0.60,0.50
-3.14,-0.70,0.50
-3.19,-0.82,0.50
-3.22,-0.93,0.50
-3.01,-0.98,0.50
-3.06,-1.10,0.50
-2.99,-1.18,0.50
-2.96,-1.28,0.50
-3.09,-1.45,0.50
-2.87,-1.46,0.50
-2.85,-1.57,0.50
-2.74,-1.62,0.50
-2.75,-1.75,0.50
-2.76,-1.88,0.50
-2.57,-1.87,0.50
-2.65,-2.05,0.50
-2.48,-2.05,0.50
-2.42,-2.13,0.50
-2.41,-2.26,0.50
-2.35,-2.35,0.50
-2.24,-2.39,0.50
-2.19,-2.48,0.50
-2.15,-2.60,0.50
-2.09,-2.69,0.50
-2.05,-2.82,0.50
-1.96,-2.89,0.50
-1.77,-2.78,0.50
-1.68,-2.84,0.50
-1.60,-2.90,0.50
-1.51,-2.96,0.50
-1.37,-2.91,0.50
-1.32,-3.05,0.50
-1.19,-3.00,0.50
-1.10,-3.07,0.50
-1.01,-3.11,0.50
-0.91,-3.14,0.50
-0.84,-3.28,0.50
-0.72,-3.23,0.50
-0.62,-3.23,0.50
-0.52,-3.31,0.50
-0.42,-3.33,0.50
-0.30,-3.23,0.50
-0.20,-3.21,0.50
-0.10,-3.22,0.50
0.00,-3.38,0.50
0.11,-3.49,0.50
0.22,-3.43,0.50
0.33,-3.48,0.50
0.43,-3.39,0.50
0.56,-3.51,0.50
0.67,-3.50,0.50
0.78,-3.47,0.50
0.92,-3.59,0.50
1.06,-3.65,0.50
1.20,-3.69,0.50
1.34,-3.71,0.50
1.49,-3.77,0.50
1.61,-3.72,0.50
1.82,-3.86,0.50
2.02,-3.95,0.50
2.17,-3.94,0.50
2.31,-3.91,0.50
2.42,-3.82,0.50
2.47,-3.63,0.50
2.58,-3.55,0.50
2.61,-3.37,0.50
2.59,-3.13,0.50
2.67,-3.03,0.50
2.72,-2.90,0.50
2.87,-2.87,0.50
2.86,-2.68,0.50
2.79,-2.46,0.50
2.80,-2.32,0.50
2.81,-2.18,0.50
2.79,-2.03,0.50
2.84,-1.93,0.50
2.97,-1.89,0.50
2.75,-1.63,0.50
2.86,-1.57,0.50
2.93,-1.49,0.50
2.80,-1.32,0.50
2.81,-1.21,0.50
2.79,-1.11,0.50
2.82,-1.02,0.50
2.78,-0.90,0.50
2.85,-0.83,0.50
2.69,-0.69,0.50
2.64,-0.59,0.50
2.71,-0.52,0.50
2.61,-0.41,0.50
2.66,-0.34,0.50
2.70,-0.26,0.50
2.70,-0.17,0.50
2.65,-0.08,0.50
2.41,0.00,0.60
2.44,0.08,0.60
2.40,0.15,0.60
2.35,0.22,0.60
2.39,0.30,0.60
2.50,0.40,0.60
2.39,0.46,0.60
2.41,0.54,0.60
2.46,0.63,0.60
2.33,0.68,0.60
2.46,0.80,0.60
2.51,0.90,0.60
2.57,1.02,0.60
2.76,1.20,0.60
2.75,1.29,0.60
2.74,1.40,0.60
2.88,1.58,0.60
3.02,1.78,0.60
3.06,1.94,0.60
2.99,2.03,0.60
2.96,2.15,0.60
2.99,2.32,0.60
3.03,2.51,0.60
2.97,2.61,0.60
3.08,2.90,0.60
3.03,3.03,0.60
2.92,3.11,0.60
2.84,3.23,0.60
2.65,3.20,0.60
2.53,3.26,0.60
2.40,3.31,0.60
2.18,3.21,0.60
2.10,3.32,0.60
1.99,3.37,0.60
1.89,3.44,0.60
1.71,3.35,0.60
1.57,3.33,0.60
1.48,3.42,0.60
1.30,3.29,0.60
1.19,3.31,0.60
1.04,3.20,0.60
0.95,3.29,0.60
0.84,3.26,0.60
0.69,3.10,0.60
0.62,3.23,0.60
0.48,3.01,0.60
0.38,3.02,0.60
0.30,3.17,0.60
0.20,3.18,0.60
0.09,2.85,0.60
-0.00,2.87,0.60
-0.10,3.12,0.60
-0.19,2.97,0.60
-0.27,2.89,0.60
-0.37,2.95,0.60
-0.44,2.79,0.60
-0.55,2.88,0.60
-0.61,2.74,0.60
-0.75,2.94,0.60
-0.85,2.93,0.60
-0.87,2.67,0.60
-0.99,2.75,0.60
-1.06,2.68,0.60
-1.19,2.75,0.60
-1.24,2.63,0.60
-1.32,2.58,0.60
-1.37,2.48,0.60
-1.54,2.61,0.60
-1.57,2.47,0.60
-1.68,2.48,0.60
-1.77,2.43,0.60
-1.97,2.54,0.60
-1.96,2.37,0.60
-2.04,2.32,0.60
-2.25,2.39,0.60
-2.29,2.29,0.60
-2.36,2.22,0.60
-2.45,2.16,0.60
-2.62,2.17,0.60
-2.54,1.97,0.60
-2.56,1.86,0.60
-2.54,1.73,0.60
-2.61,1.65,0.60
-2.65,1.57,0.60
-2.82,1.55,0.60
-2.79,1.42,0.60
-2.80,1.32,0.60
-2.87,1.24,0.60
-2.84,1.13,0.60
-2.87,1.03,0.60
-2.89,0.94,0.60
-2.94,0.85,0.60
-3.02,0.78,0.60
-2.98,0.67,0.60
-3.08,0.59,0.60
-3.10,0.49,0.60
-3.20,0.40,0.60
-3.22,0.30,0.60
-3.21,0.20,0.60
-3.32,0.10,0.60
-3.25,-0.00,0.60
-3.22,-0.10,0.60
-3.27,-0.21,0.60
-3.34,-0.32,0.60
-3.09,-0.39,0.60
-3.12,-0.49,0.60
-3.08,-0.59,0.60
-3.08,-0.69,0.60
-2.89,-0.74,0.60
-2.91,-0.84,0.60
-2.98,-0.97,0.60
-2.88,-1.04,0.60
-2.90,-1.15,0.60
-2.87,-1.24,0.60
-2.82,-1.33,0.60
-2.69,-1.37,0.60
-2.73,-1.50,0.60
-2.69,-1.59,0.60
-2.77,-1.76,0.60
-2.65,-1.80,0.60
-2.65,-1.92,0.60
-2.55,-1.98,0.60
-2.61,-2.16,0.60
-2.41,-2.12,0.60
-2.38,-2.23,0.60
-2.26,-2.26,0.60
-2.18,-2.32,0.60
-2.18,-2.47,0.60
-2.12,-2.56,0.60
-1.98,-2.55,0.60
-1.92,-2.64,0.60
-1.82,-2.68,0.60
-1.78,-2.81,0.60
-1.70,-2.87,0.60
-1.64,-2.99,0.60
-1.50,-2.94,0.60
-1.36,-2.90,0.60
-1.32,-3.06,0.60
-1.26,-3.19,0.60
-1.11,-3.07,0.60
-1.00,-3.09,0.60
-0.89,-3.05,0.60
-0.82,-3.20,0.60
-0.69,-3.08,0.60
-0.60,-3.15,0.60
-0.51,-3.24,0.60
-0.41,-3.25,0.60
-0.31,-3.27,0.60
-0.21,-3.39,0.60
-0.10,-3.24,0.60
0.00,-3.56,0.60
0.11,-3.34,0.60
0.21,-3.39,0.60
0.32,-3.37,0.60
0.43,-3.38,0.60
0.54,-3.38,0.60
0.66,-3.48,0.60
0.77,-3.45,0.60
0.95,-3.69,0.60
1.04,-3.59,0.60
1.16,-3.58,0.60
1.30,-3.61,0.60
1.46,-3.68,0.60
1.62,-3.75,0.60
1.83,-3.89,0.60
1.98,-3.88,0.60
2.17,-3.95,0.60
2.26,-3.82,0.60
2.41,-3.80,0.60
2.42,-3.56,0.60
2.47,-3.41,0.60
2.58,-3.33,0.60
2.54,-3.06,0.60
2.65,-3.01,0.60
2.71,-2.88,0.60
2.75,-2.75,0.60
2.72,-2.56,0.60
2.82,-2.49,0.60
2.77,-2.30,0.60
2.88,-2.23,0.60
2.78,-2.02,0.60
2.78,-1.89,0.60
2.72,-1.72,0.60
2.76,-1.63,0.60
2.71,-1.49,0.60
2.74,-1.39,0.60
2.81,-1.32,0.60
2.68,-1.16,0.60
2.48,-0.98,0.60
2.44,-0.88,0.60
2.42,-0.79,0.60
2.50,-0.73,0.60
2.40,-0.62,0.60
2.56,-0.57,0.60
2.43,-0.46,0.60
2.46,-0.39,0.60
2.38,-0.30,0.60
2.54,-0.24,0.60
2.51,-0.16,0.60
2.55,-0.08,0.60
2.03,0.00,0.70
2.14,0.07,0.70
2.17,0.14,0.70
2.09,0.20,0.70
2.02,0.25,0.70
2.06,0.33,0.70
2.13,0.41,0.70
2.13,0.48,0.70
2.10,0.54,0.70
1.98,0.58,0.70
2.19,0.71,0.70
2.12,0.76,0.70
2.38,0.94,0.70
2.26,0.98,0.70
2.42,1.14,0.70
2.48,1.27,0.70
2.80,1.54,0.70
2.85,1.68,0.70
2.99,1.90,0.70
2.95,2.01,0.70
2.98,2.16,0.70
2.94,2.28,0.70
3.06,2.53,0.70
2.98,2.63,0.70
3.07,2.88,0.70
3.04,3.04,0.70
2.90,3.09,0.70
2.87,3.26,0.70
2.68,3.24,0.70
2.56,3.31,0.70
2.35,3.24,0.70
2.15,3.17,0.70
2.10,3.31,0.70
2.00,3.39,0.70
1.85,3.37,0.70
1.73,3.40,0.70
1.52,3.24,0.70
1.43,3.31,0.70
1.32,3.35,0.70
1.14,3.17,0.70
1.06,3.26,0.70
0.98,3.37,0.70
0.85,3.32,0.70
0.71,3.19,0.70
0.59,3.07,0.70
0.48,3.02,0.70
0.39,3.05,0.70
0.29,3.09,0.70
0.19,2.95,0.70
0.09,3.01,0.70
-0.00,3.03,0.70
-0.09,2.90,0.70
-0.18,2.90,0.70
-0.27,2.88,0.70
-0.34,2.71,0.70
-0.45,2.84,0.70
-0.49,2.59,0.70
-0.63,2.80,0.70
-0.71,2.75,0.70
-0.79,2.73,0.70
-0.82,2.51,0.70
-0.96,2.66,0.70
-0.99,2.50,0.70
-1.09,2.52,0.70
-1.15,2.45,0.70
-1.23,2.42,0.70
-1.35,2.45,0.70
-1.46,2.47,0.70
-1.49,2.35,0.70
-1.61,2.36,0.70
-1.67,2.30,0.70
-1.75,2.25,0.70
-1.96,2.37,0.70
-2.04,2.31,0.70
-2.13,2.26,0.70
-2.20,2.20,0.70
-2.32,2.18,0.70
-2.44,2.15,0.70
-2.55,2.11,0.70
-2.52,1.96,0.70
-2.50,1.82,0.70
-2.56,1.74,0.70
-2.53,1.61,0.70
-2.70,1.60,0.70
-2.69,1.48,0.70
-2.96,1.51,0.70
-2.78,1.31,0.70
-2.81,1.22,0.70
-2.92,1.16,0.70
-2.82,1.01,0.70
-2.89,0.94,0.70
-2.89,0.84,0.70
-2.97,0.76,0.70
-3.03,0.68,0.70
-3.02,0.58,0.70
-3.03,0.48,0.70
-3.00,0.38,0.70
-3.03,0.29,0.70
-3.19,0.20,0.70
-3.25,0.10,0.70
-3.12,-0.00,0.70
-3.08,-0.10,0.70
-3.10,-0.19,0.70
-2.97,-0.28,0.70
-3.02,-0.38,0.70
-3.03,-0.48,0.70
-3.09,-0.59,0.70
-2.97,-0.66,0.70
-3.10,-0.80,0.70
-3.00,-0.87,0.70
-2.95,-0.96,0.70
-2.84,-1.02,0.70
-2.86,-1.13,0.70
-2.88,-1.25,0.70
-2.88,-1.35,0.70
-2.78,-1.41,0.70
-2.68,-1.47,0.70
-2.69,-1.59,0.70
-2.74,-1.74,0.70
-2.57,-1.75,0.70
-2.47,-1.80,0.70
-2.43,-1.88,0.70
-2.40,-1.99,0.70
-2.37,-2.09,0.70
-2.23,-2.09,0.70
-2.20,-2.20,0.70
-2.15,-2.28,0.70
-2.23,-2.53,0.70
-2.08,-2.51,0.70
-2.05,-2.65,0.70
-1.96,-2.70,0.70
-1.83,-2.70,0.70
-1.78,-2.80,0.70
-1.64,-2.78,0.70
-1.57,-2.85,0.70
-1.46,-2.86,0.70
-1.34,-2.84,0.70
-1.29,-2.99,0.70
-1.17,-2.95,0.70
-1.09,-3.04,0.70
-0.98,-3.01,0.70
-0.85,-2.94,0.70
-0.80,-3.10,0.70
-0.67,-2.98,0.70
-0.57,-2.98,0.70
-0.50,-3.14,0.70
-0.41,-3.21,0.70
-0.30,-3.21,0.70
-0.20,-3.25,0.70
-0.10,-3.29,0.70
0.00,-3.32,0.70
0.11,-3.36,0.70
0.21,-3.41,0.70
0.32,-3.35,0.70
0.42,-3.34,0.70
0.54,-3.41,0.70
0.66,-3.46,0.70
0.79,-3.51,0.70
0.91,-3.53,0.70
1.05,-3.61,0.70
1.19,-3.67,0.70
1.30,-3.62,0.70
1.50,-3.80,0.70
1.61,-3.71,0.70
1.84,-3.92,0.70
2.02,-3.96,0.70
2.15,-3.91,0.70
2.25,-3.81,0.70
2.33,-3.67,0.70
2.42,-3.56,0.70
2.51,-3.45,0.70
2.57,-3.31,0.70
2.62,-3.17,0.70
2.66,-3.02,0.70
2.82,-3.00,0.70
2.75,-2.75,0.70
2.70,-2.53,0.70
2.78,-2.45,0.70
2.75,-2.28,0.70
2.78,-2.16,0.70
2.61,-1.89,0.70
2.70,-1.84,0.70
2.67,-1.70,0.70
2.76,-1.63,0.70
2.65,-1.45,0.70
2.60,-1.32,0.70
2.57,-1.21,0.70
2.51,-1.09,0.70
2.28,-0.90,0.70
2.14,-0.77,0.70
2.12,-0.69,0.70
1.99,-0.58,0.70
2.10,-0.54,0.70
2.06,-0.46,0.70
2.12,-0.40,0.70
2.11,-0.33,0.70
2.08,-0.26,0.70
2.22,-0.21,0.70
2.31,-0.15,0.70
2.20,-0.07,0.70
1.39,0.00,0.80
1.42,0.04,0.80
1.38,0.09,0.80
1.54,0.15,0.80
1.39,0.18,0.80
1.43,0.23,0.80
1.39,0.27,0.80
1.53,0.34,0.80
1.61,0.41,0.80
1.52,0.44,0.80
1.53,0.50,0.80
1.61,0.58,0.80
1.67,0.66,0.80
1.76,0.76,0.80
1.96,0.92,0.80
2.16,1.10,0.80
2.60,1.43,0.80
2.66,1.57,0.80
2.77,1.76,0.80
2.96,2.01,0.80
3.01,2.19,0.80
3.07,2.38,0.80
3.03,2.51,0.80
3.04,2.68,0.80
3.08,2.89,0.80
3.00,3.00,0.80
2.94,3.13,0.80
2.83,3.21,0.80
2.66,3.21,0.80
2.57,3.32,0.80
2.35,3.23,0.80
2.19,3.22,0.80
2.09,3.29,0.80
2.00,3.38,0.80
1.80,3.28,0.80
1.67,3.28,0.80
1.53,3.26,0.80
1.43,3.29,0.80
1.27,3.20,0.80
1.15,3.19,0.80
1.05,3.22,0.80
0.92,3.16,0.80
0.84,3.27,0.80
0.70,3.13,0.80
0.57,2.98,0.80
0.49,3.09,0.80
0.38,3.03,0.80
0.29,3.07,0.80
0.19,3.05,0.80
0.09,2.91,0.80
-0.00,2.84,0.80
-0.09,2.82,0.80
-0.18,2.92,0.80
-0.26,2.78,0.80
-0.35,2.76,0.80
-0.44,2.80,0.80
-0.53,2.75,0.80
-0.57,2.57,0.80
-0.70,2.74,0.80
-0.77,2.65,0.80
-0.81,2.50,0.80
-0.93,2.59,0.80
-0.96,2.44,0.80
-1.04,2.41,0.80
-1.14,2.42,0.80
-1.20,2.36,0.80
-1.29,2.34,0.80
-1.39,2.34,0.80
-1.47,2.31,0.80
-1.60,2.35,0.80
-1.72,2.37,0.80
-1.75,2.25,0.80
-1.92,2.33,0.80
-1.93,2.18,0.80
-2.08,2.22,0.80
-2.16,2.16,0.80
-2.31,2.17,0.80
-2.29,2.02,0.80
-2.43,2.01,0.80
-2.45,1.90,0.80
-2.46,1.79,0.80
-2.49,1.69,0.80
-2.54,1.61,0.80
-2.73,1.61,0.80
-2.54,1.40,0.80
-2.58,1.32,0.80
-2.60,1.22,0.80
-2.71,1.17,0.80
-2.70,1.07,0.80
-2.67,0.96,0.80
-2.93,0.95,0.80
-2.88,0.84,0.80
-2.93,0.75,0.80
-2.98,0.67,0.80
-3.10,0.59,0.80
-3.03,0.48,0.80
-3.04,0.38,0.80
-3.13,0.30,0.80
-3.15,0.20,0.80
-3.12,0.10,0.80
-3.01,-0.00,0.80
-3.07,-0.10,0.80
-3.07,-0.19,0.80
-3.05,-0.29,0.80
-3.12,-0.39,0.80
-3.06,-0.49,0.80
-3.02,-0.58,0.80
-3.05,-0.68,0.80
-3.00,-0.77,0.80
-2.95,-0.86,0.80
-2.86,-0.93,0.80
-2.83,-1.02,0.80
-2.77,-1.10,0.80
-2.75,-1.19,0.80
-2.78,-1.31,0.80
-2.69,-1.37,0.80
-2.63,-1.45,0.80
-2.64,-1.56,0.80
-2.57,-1.63,0.80
-2.60,-1.77,0.80
-2.53,-1.84,0.80
-2.48,-1.92,0.80
-2.39,-1.98,0.80
-2.32,-2.05,0.80
-2.29,-2.15,0.80
-2.18,-2.18,0.80
-2.11,-2.25,0.80
-2.14,-2.42,0.80
-2.09,-2.53,0.80
-1.97,-2.55,0.80
-2.00,-2.75,0.80
-1.80,-2.65,0.80
-1.67,-2.62,0.80
-1.60,-2.70,0.80
-1.48,-2.69,0.80
-1.42,-2.79,0.80
-1.34,-2.84,0.80
-1.23,-2.84,0.80
-1.12,-2.83,0.80
-1.01,-2.82,0.80
-0.99,-3.06,0.80
-0.84,-2.88,0.80
-0.77,-2.99,0.80
-0.68,-3.04,0.80
-0.60,-3.16,0.80
-0.49,-3.07,0.80
-0.39,-3.12,0.80
-0.30,-3.15,0.80
-0.20,-3.17,0.80
-0.10,-3.28,0.80
0.00,-3.20,0.80
0.11,-3.40,0.80
0.21,-3.41,0.80
0.32,-3.40,0.80
0.42,-3.35,0.80
0.53,-3.36,0.80
0.65,-3.41,0.80
0.79,-3.52,0.80
0.91,-3.55,0.80
1.07,-3.70,0.80
1.20,-3.71,0.80
1.34,-3.72,0.80
1.46,-3.69,0.80
1.62,-3.75,0.80
1.87,-3.96,0.80
2.10,-4.12,0.80
2.20,-4.01,0.80
2.30,-3.89,0.80
2.39,-3.76,0.80
2.42,-3.57,0.80
2.48,-3.42,0.80
2.54,-3.27,0.80
2.56,-3.10,0.80
2.63,-2.98,0.80
2.73,-2.90,0.80
2.78,-2.78,0.80
2.77,-2.60,0.80
2.75,-2.43,0.80
2.69,-2.22,0.80
2.77,-2.15,0.80
2.58,-1.87,0.80
2.58,-1.75,0.80
2.68,-1.70,0.80
2.63,-1.55,0.80
2.53,-1.39,0.80
2.52,-1.29,0.80
2.34,-1.10,0.80
2.14,-0.93,0.80
1.92,-0.76,0.80
1.92,-0.69,0.80
1.78,-0.58,0.80
1.63,-0.47,0.80
1.36,-0.35,0.80
1.61,-0.36,0.80
1.42,-0.27,0.80
1.56,-0.25,0.80
1.54,-0.19,0.80
1.42,-0.13,0.80
1.40,-0.09,0.80
1.59,-0.05,0.80
0.84,0.00,0.90
0.93,0.03,0.90
0.93,0.06,0.90
0.78,0.07,0.90
0.86,0.11,0.90
0.90,0.14,0.90
0.86,0.16,0.90
0.77,0.17,0.90
0.90,0.23,0.90
1.03,0.30,0.90
0.97,0.32,0.90
1.06,0.38,0.90
1.04,0.41,0.90
1.22,0.53,0.90
1.32,0.62,0.90
1.51,0.77,0.90
2.10,1.15,0.90
2.39,1.41,0.90
2.59,1.65,0.90
2.75,1.87,0.90
2.92,2.12,0.90
2.98,2.31,0.90
2.94,2.44,0.90
2.96,2.61,0.90
3.09,2.90,0.90
3.01,3.01,0.90
2.95,3.14,0.90
2.88,3.27,0.90
2.67,3.22,0.90
2.54,3.28,0.90
2.35,3.23,0.90
2.22,3.26,0.90
2.08,3.28,0.90
2.03,3.44,0.90
1.81,3.29,0.90
1.75,3.44,0.90
1.54,3.28,0.90
1.42,3.29,0.90
1.30,3.28,0.90
1.16,3.23,0.90
1.03,3.16,0.90
0.91,3.13,0.90
0.83,3.23,0.90
0.69,3.11,0.90
0.59,3.12,0.90
0.49,3.08,0.90
0.38,2.99,0.90
0.27,2.81,0.90
0.18,2.89,0.90
0.09,2.85,0.90
-0.00,2.86,0.90
-0.09,2.87,0.90
-0.17,2.65,0.90
-0.25,2.67,0.90
-0.33,2.63,0.90
-0.45,2.87,0.90
-0.51,2.66,0.90
-0.58,2.59,0.90
-0.71,2.76,0.90
-0.72,2.49,0.90
-0.81,2.50,0.90
-0.94,2.61,0.90
-0.99,2.51,0.90
-1.04,2.41,0.90
-1.12,2.38,0.90
-1.18,2.32,0.90
-1.35,2.45,0.90
-1.41,2.38,0.90
-1.43,2.25,0.90
-1.46,2.14,0.90
-1.58,2.17,0.90
-1.58,2.03,0.90
-1.74,2.10,0.90
-1.88,2.13,0.90
-1.95,2.08,0.90
-2.09,2.09,0.90
-2.27,2.14,0.90
-2.35,2.07,0.90
-2.34,1.93,0.90
-2.50,1.94,0.90
-2.47,1.79,0.90
-2.45,1.66,0.90
-2.40,1.53,0.90
-2.48,1.47,0.90
-2.54,1.39,0.90
-2.55,1.30,0.90
-2.66,1.25,0.90
-2.67,1.15,0.90
-2.65,1.05,0.90
-2.81,1.01,0.90
-2.74,0.89,0.90
-2.72,0.79,0.90
-2.72,0.70,0.90
-2.84,0.63,0.90
-2.98,0.57,0.90
-2.85,0.45,0.90
-2.81,0.36,0.90
-2.98,0.28,0.90
-3.05,0.19,0.90
-3.05,0.10,0.90
-3.01,-0.00,0.90
-3.09,-0.10,0.90
-3.24,-0.20,0.90
-3.01,-0.28,0.90
-3.11,-0.39,0.90
-3.01,-0.48,0.90
-3.09,-0.59,0.90
-3.04,-0.68,0.90
-2.91,-0.75,0.90
-2.78,-0.81,0.90
-2.73,-0.89,0.90
-2.76,-0.99,0.90
-2.67,-1.06,0.90
-2.69,-1.16,0.90
-2.73,-1.28,0.90
-2.51,-1.28,0.90
-2.53,-1.39,0.90
-2.40,-1.42,0.90
-2.46,-1.56,0.90
-2.39,-1.62,0.90
-2.28,-1.66,0.90
-2.24,-1.74,0.90
-2.33,-1.93,0.90
-2.13,-1.88,0.90
-2.08,-1.95,0.90
-1.99,-1.99,0.90
-1.99,-2.12,0.90
-1.98,-2.25,0.90
-1.98,-2.39,0.90
-1.88,-2.42,0.90
-1.84,-2.53,0.90
-1.70,-2.50,0.90
-1.69,-2.66,0.90
-1.55,-2.63,0.90
-1.54,-2.80,0.90
-1.41,-2.76,0.90
-1.30,-2.77,0.90
-1.21,-2.80,0.90
-1.13,-2.85,0.90
-1.02,-2.83,0.90
-0.97,-2.98,0.90
-0.87,-2.99,0.90
-0.76,-2.96,0.90
-0.68,-3.06,0.90
-0.54,-2.82,0.90
-0.48,-3.01,0.90
-0.39,-3.07,0.90
-0.29,-3.05,0.90
-0.20,-3.12,0.90
-0.10,-3.16,0.90
0.00,-3.17,0.90
0.11,-3.41,0.90
0.20,-3.23,0.90
0.32,-3.35,0.90
0.43,-3.41,0.90
0.53,-3.32,0.90
0.68,-3.58,0.90
0.79,-3.54,0.90
0.90,-3.50,0.90
1.02,-3.51,0.90
1.21,-3.71,0.90
1.32,-3.67,0.90
1.44,-3.65,0.90
1.57,-3.63,0.90
1.79,-3.81,0.90
2.01,-3.95,0.90
2.14,-3.90,0.90
2.29,-3.87,0.90
2.37,-3.73,0.90
2.49,-3.66,0.90
2.63,-3.61,0.90
2.57,-3.32,0.90
2.57,-3.10,0.90
2.63,-2.99,0.90
2.78,-2.96,0.90
2.84,-2.84,0.90
2.74,-2.58,0.90
2.76,-2.44,0.90
2.69,-2.22,0.90
2.61,-2.02,0.90
2.63,-1.91,0.90
2.47,-1.68,0.90
2.58,-1.64,0.90
2.64,-1.56,0.90
2.30,-1.26,0.90
2.42,-1.23,0.90
1.94,-0.91,0.90
1.97,-0.85,0.90
1.32,-0.52,0.90
1.17,-0.42,0.90
1.07,-0.35,0.90
1.06,-0.31,0.90
1.19,-0.31,0.90
1.00,-0.22,0.90
0.90,-0.17,0.90
0.86,-0.14,0.90
0.96,-0.12,0.90
0.88,-0.08,0.90
0.80,-0.05,0.90
0.81,-0.03,0.90
0.74,0.00,1.00
0.39,0.01,1.00
0.43,0.03,1.00
0.44,0.04,1.00
0.55,0.07,1.00
0.33,0.05,1.00
0.47,0.09,1.00
0.40,0.09,1.00
0.31,0.08,1.00
0.36,0.10,1.00
0.44,0.14,1.00
0.38,0.14,1.00
0.33,0.13,1.00
0.58,0.25,1.00
0.73,0.35,1.00
0.96,0.49,1.00
1.74,0.96,1.00
2.08,1.23,1.00
2.52,1.60,1.00
2.66,1.81,1.00
2.96,2.15,1.00
2.99,2.32,1.00
3.02,2.50,1.00
3.04,2.68,1.00
3.05,2.86,1.00
3.09,3.09,1.00
2.96,3.15,1.00
2.81,3.19,1.00
2.71,3.28,1.00
2.59,3.34,1.00
2.36,3.25,1.00
2.19,3.22,1.00
2.07,3.25,1.00
1.94,3.29,1.00
1.82,3.31,1.00
1.72,3.37,1.00
1.58,3.36,1.00
1.49,3.45,1.00
1.29,3.25,1.00
1.19,3.31,1.00
1.05,3.24,1.00
0.93,3.21,1.00
0.81,3.15,1.00
0.69,3.09,1.00
0.59,3.07,1.00
0.50,3.15,1.00
0.37,2.95,1.00
0.28,2.97,1.00
0.18,2.90,1.00
0.09,2.93,1.00
-0.00,2.84,1.00
-0.09,2.84,1.00
-0.17,2.76,1.00
-0.26,2.72,1.00
-0.35,2.74,1.00
-0.43,2.71,1.00
-0.52,2.72,1.00
-0.60,2.69,1.00
-0.63,2.45,1.00
-0.76,2.63,1.00
-0.82,2.53,1.00
-0.87,2.42,1.00
-0.92,2.33,1.00
-1.02,2.36,1.00
-1.08,2.30,1.00
-1.15,2.25,1.00
-1.28,2.33,1.00
-1.26,2.12,1.00
-1.38,2.18,1.00
-1.51,2.22,1.00
-1.54,2.12,1.00
-1.64,2.12,1.00
-1.73,2.10,1.00
-1.80,2.05,1.00
-1.99,2.12,1.00
-2.13,2.13,1.00
-2.12,1.99,1.00
-2.25,1.98,1.00
-2.48,2.05,1.00
-2.38,1.85,1.00
-2.43,1.77,1.00
-2.46,1.67,1.00
-2.60,1.65,1.00
-2.64,1.56,1.00
-2.56,1.41,1.00
-2.69,1.37,1.00
-2.73,1.29,1.00
-2.75,1.19,1.00
-2.79,1.11,1.00
-2.74,0.99,1.00
-2.81,0.91,1.00
-2.83,0.82,1.00
-2.82,0.72,1.00
-2.88,0.64,1.00
-2.92,0.56,1.00
-2.90,0.46,1.00
-2.89,0.37,1.00
-2.96,0.28,1.00
-2.96,0.19,1.00
-2.91,0.09,1.00
-2.94,-0.00,1.00
-3.00,-0.09,1.00
-3.01,-0.19,1.00
-3.12,-0.29,1.00
-3.08,-0.39,1.00
-3.07,-0.49,1.00
-3.07,-0.59,1.00
-2.99,-0.67,1.00
-2.95,-0.76,1.00
-2.92,-0.85,1.00
-2.80,-0.91,1.00
-2.80,-1.01,1.00
-2.72,-1.08,1.00
-2.78,-1.20,1.00
-2.68,-1.26,1.00
-2.57,-1.31,1.00
-2.54,-1.39,1.00
-2.61,-1.54,1.00
-2.51,-1.59,1.00
-2.44,-1.66,1.00
-2.44,-1.77,1.00
-2.36,-1.83,1.00
-2.37,-1.96,1.00
-2.22,-1.95,1.00
-2.15,-2.02,1.00
-2.14,-2.14,1.00
-2.10,-2.24,1.00
-1.96,-2.23,1.00
-1.96,-2.37,1.00
-1.86,-2.40,1.00
-1.83,-2.52,1.00
-1.76,-2.59,1.00
-1.62,-2.55,1.00
-1.52,-2.58,1.00
-1.45,-2.63,1.00
-1.35,-2.64,1.00
-1.27,-2.70,1.00
-1.20,-2.77,1.00
-1.14,-2.88,1.00
-1.05,-2.93,1.00
-0.95,-2.91,1.00
-0.85,-2.93,1.00
-0.75,-2.91,1.00
-0.67,-3.01,1.00
-0.56,-2.94,1.00
-0.46,-2.89,1.00
-0.39,-3.06,1.00
-0.28,-2.97,1.00
-0.20,-3.11,1.00
-0.10,-3.11,1.00
0.00,-3.24,1.00
0.10,-3.31,1.00
0.20,-3.25,1.00
0.32,-3.34,1.00
0.42,-3.32,1.00
0.52,-3.31,1.00
0.64,-3.37,1.00
0.77,-3.43,1.00
0.90,-3.51,1.00
1.04,-3.56,1.00
1.15,-3.53,1.00
1.30,-3.60,1.00
1.47,-3.71,1.00
1.63,-3.78,1.00
1.82,-3.87,1.00
1.97,-3.86,1.00
2.18,-3.96,1.00
2.35,-3.97,1.00
2.38,-3.75,1.00
2.44,-3.58,1.00
2.54,-3.50,1.00
2.64,-3.40,1.00
2.61,-3.15,1.00
2.71,-3.07,1.00
2.72,-2.89,1.00
2.78,-2.78,1.00
2.80,-2.63,1.00
2.78,-2.45,1.00
2.63,-2.18,1.00
2.59,-2.01,1.00
2.43,-1.77,1.00
2.49,-1.70,1.00
2.48,-1.58,1.00
2.61,-1.54,1.00
2.18,-1.20,1.00
2.09,-1.07,1.00
1.76,-0.83,1.00
1.40,-0.61,1.00
0.97,-0.38,1.00
0.93,-0.33,1.00
0.73,-0.24,1.00
0.61,-0.18,1.00
0.69,-0.18,1.00
0.51,-0.11,1.00
0.36,-0.07,1.00
0.42,-0.07,1.00
0.44,-0.06,1.00
0.28,-0.03,1.00
0.51,-0.03,1.00
0.40,-0.01,1.00
0.27,0.00,1.10
0.49,0.02,1.10
0.33,0.02,1.10
0.43,0.04,1.10
0.37,0.05,1.10
0.63,0.10,1.10
0.61,0.12,1.10
0.45,0.10,1.10
0.42,0.11,1.10
0.46,0.13,1.10
0.50,0.16,1.10
0.29,0.10,1.10
0.24,0.09,1.10
0.44,0.19,1.10
0.61,0.29,1.10
0.74,0.38,1.10
1.26,0.69,1.10
1.75,1.03,1.10
2.46,1.56,1.10
2.80,1.90,1.10
3.02,2.19,1.10
3.09,2.40,1.10
3.16,2.62,1.10
3.10,2.73,1.10
3.17,2.98,1.10
3.07,3.07,1.10
2.99,3.18,1.10
2.88,3.26,1.10
2.79,3.37,1.10
2.61,3.36,1.10
2.38,3.28,1.10
2.26,3.32,1.10
2.10,3.31,1.10
1.99,3.37,1.10
1.90,3.46,1.10
1.70,3.34,1.10
1.55,3.29,1.10
1.41,3.26,1.10
1.34,3.39,1.10
1.19,3.31,1.10
1.07,3.29,1.10
0.98,3.37,1.10
0.81,3.17,1.10
0.72,3.20,1.10
0.59,3.12,1.10
0.49,3.08,1.10
0.39,3.09,1.10
0.30,3.22,1.10
0.18,2.86,1.10
0.09,2.96,1.10
-0.00,3.01,1.10
-0.09,2.88,1.10
-0.19,3.01,1.10
-0.28,2.96,1.10
-0.34,2.72,1.10
-0.42,2.66,1.10
-0.51,2.68,1.10
-0.59,2.65,1.10
-0.67,2.61,1.10
-0.74,2.54,1.10
-0.85,2.62,1.10
-0.94,2.62,1.10
-1.02,2.58,1.10
-1.06,2.46,1.10
-1.21,2.57,1.10
-1.27,2.50,1.10
-1.32,2.40,1.10
-1.38,2.33,1.10
-1.45,2.28,1.10
-1.56,2.29,1.10
-1.58,2.18,1.10
-1.64,2.12,1.10
-1.75,2.12,1.10
-1.82,2.06,1.10
-1.93,2.05,1.10
-2.05,2.05,1.10
-2.26,2.12,1.10
-2.38,2.10,1.10
-2.41,1.99,1.10
-2.45,1.90,1.10
-2.45,1.78,1.10
-2.49,1.69,1.10
-2.42,1.54,1.10
-2.58,1.52,1.10
-2.53,1.39,1.10
-2.65,1.35,1.10
-2.73,1.28,1.10
-2.65,1.15,1.10
-2.71,1.07,1.10
-2.75,0.99,1.10
-2.81,0.91,1.10
-2.84,0.82,1.10
-2.97,0.76,1.10
-3.03,0.68,1.10
-2.99,0.57,1.10
-3.12,0.49,1.10
-3.02,0.38,1.10
-3.04,0.29,1.10
-3.08,0.19,1.10
-3.20,0.10,1.10
-3.12,-0.00,1.10
-3.12,-0.10,1.10
-3.12,-0.20,1.10
-3.12,-0.30,1.10
-3.15,-0.40,1.10
-3.16,-0.50,1.10
-3.02,-0.58,1.10
-3.01,-0.67,1.10
-3.02,-0.78,1.10
-2.96,-0.86,1.10
-3.01,-0.98,1.10
-3.02,-1.09,1.10
-2.92,-1.15,1.10
-2.87,-1.24,1.10
-2.88,-1.35,1.10
-2.74,-1.40,1.10
-2.77,-1.52,1.10
-2.68,-1.59,1.10
-2.70,-1.71,1.10
-2.55,-1.74,1.10
-2.60,-1.89,1.10
-2.42,-1.87,1.10
-2.53,-2.09,1.10
-2.36,-2.08,1.10
-2.26,-2.12,1.10
-2.20,-2.20,1.10
-2.05,-2.18,1.10
-2.10,-2.38,1.10
-1.98,-2.39,1.10
-1.90,-2.45,1.10
-1.82,-2.50,1.10
-1.78,-2.62,1.10
-1.65,-2.61,1.10
-1.58,-2.67,1.10
-1.51,-2.74,1.10
-1.41,-2.77,1.10
-1.37,-2.90,1.10
-1.25,-2.88,1.10
-1.15,-2.90,1.10
-1.07,-2.97,1.10
-0.95,-2.92,1.10
-0.86,-2.97,1.10
-0.76,-2.98,1.10
-0.68,-3.02,1.10
-0.55,-2.88,1.10
-0.46,-2.90,1.10
-0.38,-2.98,1.10
-0.29,-3.08,1.10
-0.20,-3.16,1.10
-0.10,-3.26,1.10
0.00,-3.27,1.10
0.10,-3.28,1.10
0.22,-3.43,1.10
0.32,-3.43,1.10
0.44,-3.49,1.10
0.54,-3.41,1.10
0.66,-3.46,1.10
0.74,-3.33,1.10
0.91,-3.56,1.10
1.04,-3.58,1.10
1.20,-3.71,1.10
1.34,-3.71,1.10
1.46,-3.70,1.10
1.61,-3.73,1.10
1.88,-4.00,1.10
2.08,-4.09,1.10
2.23,-4.05,1.10
2.33,-3.94,1.10
2.42,-3.81,1.10
2.50,-3.68,1.10
2.60,-3.58,1.10
2.68,-3.45,1.10
2.70,-3.27,1.10
2.72,-3.09,1.10
2.76,-2.94,1.10
2.88,-2.88,1.10
2.85,-2.68,1.10
2.86,-2.52,1.10
2.74,-2.26,1.10
2.67,-2.07,1.10
2.46,-1.79,1.10
2.34,-1.59,1.10
2.71,-1.72,1.10
2.68,-1.58,1.10
2.24,-1.23,1.10
1.90,-0.97,1.10
1.52,-0.71,1.10
1.24,-0.54,1.10
0.82,-0.32,1.10
0.88,-0.32,1.10
0.67,-0.22,1.10
0.57,-0.17,1.10
0.66,-0.17,1.10
0.49,-0.11,1.10
0.65,-0.12,1.10
0.55,-0.09,1.10
0.32,-0.04,1.10
0.09,-0.01,1.10
0.47,-0.03,1.10
0.35,-0.01,1.10
0.23,0.00,1.20
0.42,0.01,1.20
0.09,0.01,1.20
0.23,0.02,1.20
0.37,0.05,1.20
0.45,0.07,1.20
0.38,0.07,1.20
0.20,0.04,1.20
0.27,0.07,1.20
0.03,0.01,1.20
0.24,0.08,1.20
0.17,0.06,1.20
0.36,0.14,1.20
0.37,0.16,1.20
0.29,0.14,1.20
0.60,0.30,1.20
1.23,0.68,1.20
1.53,0.90,1.20
2.43,1.55,1.20
2.61,1.77,1.20
2.94,2.14,1.20
3.11,2.41,1.20
3.11,2.58,1.20
3.13,2.76,1.20
3.12,2.93,1.20
3.10,3.10,1.20
2.97,3.16,1.20
2.90,3.29,1.20
2.78,3.36,1.20
2.57,3.32,1.20
2.42,3.33,1.20
2.26,3.33,1.20
2.13,3.35,1.20
1.98,3.35,1.20
1.90,3.46,1.20
1.74,3.42,1.20
1.58,3.37,1.20
1.41,3.26,1.20
1.28,3.24,1.20
1.15,3.20,1.20
1.03,3.18,1.20
0.92,3.18,1.20
0.82,3.19,1.20
0.70,3.13,1.20
0.59,3.07,1.20
0.50,3.17,1.20
0.38,2.98,1.20
0.28,3.01,1.20
0.18,2.82,1.20
0.09,3.01,1.20
-0.00,2.96,1.20
-0.09,2.86,1.20
-0.18,2.81,1.20
-0.25,2.66,1.20
-0.34,2.72,1.20
-0.45,2.86,1.20
-0.53,2.76,1.20
-0.66,2.94,1.20
-0.67,2.61,1.20
-0.75,2.57,1.20
-0.84,2.57,1.20
-0.94,2.61,1.20
-0.98,2.48,1.20
-1.12,2.59,1.20
-1.22,2.60,1.20
-1.25,2.45,1.20
-1.37,2.50,1.20
-1.42,2.41,1.20
-1.43,2.25,1.20
-1.55,2.27,1.20
-1.62,2.22,1.20
-1.66,2.14,1.20
-1.76,2.12,1.20
-1.79,2.02,1.20
-1.93,2.06,1.20
-2.14,2.14,1.20
-2.23,2.09,1.20
-2.28,2.01,1.20
-2.34,1.94,1.20
-2.32,1.80,1.20
-2.37,1.72,1.20
-2.49,1.69,1.20
-2.57,1.63,1.20
-2.46,1.46,1.20
-2.49,1.37,1.20
-2.58,1.32,1.20
-2.63,1.24,1.20
-2.77,1.20,1.20
-2.83,1.12,1.20
-2.79,1.01,1.20
-2.73,0.89,1.20
-2.93,0.85,1.20
-2.91,0.75,1.20
-2.91,0.65,1.20
-3.01,0.57,1.20
-3.09,0.49,1.20
-3.08,0.39,1.20
-3.12,0.29,1.20
-2.95,0.19,1.20
-3.04,0.10,1.20
-3.08,-0.00,1.20
-3.15,-0.10,1.20
-3.14,-0.20,1.20
-3.11,-0.29,1.20
-3.01,-0.38,1.20
-3.05,-0.48,1.20
-3.15,-0.60,1.20
-3.12,-0.70,1.20
-2.99,-0.77,1.20
-3.06,-0.89,1.20
-2.90,-0.94,1.20
-2.92,-1.05,1.20
-2.88,-1.14,1.20
-2.88,-1.25,1.20
-2.83,-1.33,1.20
-2.81,-1.43,1.20
-2.81,-1.54,1.20
-2.62,-1.55,1.20
-2.61,-1.66,1.20
-2.68,-1.82,1.20
-2.52,-1.83,1.20
-2.46,-1.91,1.20
-2.46,-2.04,1.20
-2.35,-2.07,1.20
-2.19,-2.06,1.20
-2.04,-2.04,1.20
-2.00,-2.13,1.20
-2.07,-2.34,1.20
-1.98,-2.40,1.20
-1.89,-2.44,1.20
-1.91,-2.63,1.20
-1.85,-2.72,1.20
-1.69,-2.66,1.20
-1.57,-2.66,1.20
-1.47,-2.68,1.20
-1.31,-2.58,1.20
-1.33,-2.82,1.20
-1.23,-2.84,1.20
-1.13,-2.86,1.20
-1.04,-2.89,1.20
-0.96,-2.97,1.20
-0.86,-2.97,1.20
-0.74,-2.89,1.20
-0.65,-2.90,1.20
-0.54,-2.83,1.20
-0.46,-2.93,1.20
-0.38,-2.98,1.20
-0.29,-3.05,1.20
-0.20,-3.21,1.20
-0.10,-3.19,1.20
0.00,-3.20,1.20
0.10,-3.21,1.20
0.21,-3.37,1.20
0.31,-3.31,1.20
0.42,-3.31,1.20
0.53,-3.35,1.20
0.66,-3.45,1.20
0.74,-3.32,1.20
0.88,-3.42,1.20
0.99,-3.41,1.20
1.18,-3.63,1.20
1.32,-3.65,1.20
1.48,-3.73,1.20
1.58,-3.66,1.20
1.80,-3.82,1.20
2.03,-3.98,1.20
2.20,-4.01,1.20
2.32,-3.93,1.20
2.39,-3.77,1.20
2.49,-3.66,1.20
2.60,-3.57,1.20
2.73,-3.52,1.20
2.63,-3.18,1.20
2.69,-3.05,1.20
2.80,-2.98,1.20
2.83,-2.83,1.20
2.81,-2.64,1.20
2.77,-2.44,1.20
2.67,-2.21,1.20
2.47,-1.92,1.20
2.38,-1.73,1.20
2.54,-1.73,1.20
2.77,-1.76,1.20
2.59,-1.53,1.20
1.95,-1.07,1.20
1.65,-0.84,1.20
1.27,-0.60,1.20
0.98,-0.42,1.20
0.73,-0.29,1.20
0.55,-0.20,1.20
0.60,-0.20,1.20
0.65,-0.19,1.20
0.57,-0.15,1.20
0.18,-0.04,1.20
0.39,-0.07,1.20
0.36,-0.06,1.20
0.09,-0.01,1.20
0.25,-0.02,1.20
0.33,-0.02,1.20
0.05,-0.00,1.20
-0.30,0.00,1.30
0.17,0.01,1.30
0.33,0.02,1.30
-0.01,-0.00,1.30
0.11,0.01,1.30
0.15,0.02,1.30
0.18,0.03,1.30
0.25,0.06,1.30
0.13,0.03,1.30
0.09,0.03,1.30
-0.08,-0.03,1.30
-0.05,-0.02,1.30
-0.29,-0.12,1.30
-0.28,-0.12,1.30
0.21,0.10,1.30
0.24,0.12,1.30
0.82,0.45,1.30
1.22,0.72,1.30
2.22,1.41,1.30
2.61,1.77,1.30
2.98,2.17,1.30
3.04,2.36,1.30
3.12,2.58,1.30
3.14,2.77,1.30
3.20,3.00,1.30
3.06,3.06,1.30
3.02,3.22,1.30
2.89,3.28,1.30
2.70,3.26,1.30
2.57,3.32,1.30
2.43,3.34,1.30
2.25,3.31,1.30
2.07,3.26,1.30
1.93,3.27,1.30
1.81,3.29,1.30
1.71,3.35,1.30
1.55,3.30,1.30
1.45,3.34,1.30
1.29,3.26,1.30
1.15,3.19,1.30
1.05,3.23,1.30
0.91,3.13,1.30
0.82,3.17,1.30
0.68,3.03,1.30
0.56,2.95,1.30
0.46,2.91,1.30
0.37,2.89,1.30
0.28,2.92,1.30
0.19,3.00,1.30
0.09,2.86,1.30
-0.00,2.90,1.30
-0.09,2.88,1.30
-0.18,2.83,1.30
-0.27,2.84,1.30
-0.34,2.69,1.30
-0.42,2.67,1.30
-0.49,2.58,1.30
-0.59,2.63,1.30
-0.67,2.62,1.30
-0.75,2.60,1.30
-0.85,2.62,1.30
-0.90,2.51,1.30
-0.97,2.45,1.30
-1.06,2.45,1.30
-1.13,2.39,1.30
-1.26,2.46,1.30
-1.34,2.45,1.30
-1.37,2.32,1.30
-1.45,2.29,1.30
-1.54,2.27,1.30
-1.61,2.21,1.30
-1.67,2.15,1.30
-1.70,2.05,1.30
-1.82,2.06,1.30
-2.00,2.13,1.30
-2.03,2.03,1.30
-2.20,2.06,1.30
-2.22,1.96,1.30
-2.25,1.86,1.30
-2.29,1.78,1.30
-2.35,1.71,1.30
-2.34,1.59,1.30
-2.48,1.57,1.30
-2.51,1.48,1.30
-2.49,1.37,1.30
-2.56,1.31,1.30
-2.63,1.24,1.30
-2.74,1.19,1.30
-2.75,1.09,1.30
-2.79,1.01,1.30
-2.86,0.93,1.30
-2.72,0.79,1.30
-2.94,0.76,1.30
-3.00,0.67,1.30
-3.24,0.62,1.30
-3.08,0.49,1.30
-3.10,0.39,1.30
-3.06,0.29,1.30
-3.06,0.19,1.30
-3.12,0.10,1.30
-3.10,-0.00,1.30
-3.17,-0.10,1.30
-3.10,-0.19,1.30
-3.07,-0.29,1.30
-3.10,-0.39,1.30
-3.06,-0.49,1.30
-3.02,-0.58,1.30
-3.03,-0.68,1.30
-2.96,-0.76,1.30
-2.98,-0.87,1.30
-2.89,-0.94,1.30
-2.89,-1.04,1.30
-2.98,-1.18,1.30
-2.82,-1.22,1.30
-2.79,-1.31,1.30
-2.78,-1.41,1.30
-2.81,-1.55,1.30
-2.65,-1.57,1.30
-2.65,-1.68,1.30
-2.52,-1.71,1.30
-2.45,-1.78,1.30
-2.45,-1.90,1.30
-2.36,-1.96,1.30
-2.32,-2.04,1.30
-2.21,-2.08,1.30
-2.01,-2.01,1.30
-2.05,-2.18,1.30
-1.96,-2.22,1.30
-1.95,-2.36,1.30
-2.00,-2.57,1.30
-1.83,-2.52,1.30
-1.79,-2.63,1.30
-1.74,-2.74,1.30
-1.60,-2.71,1.30
-1.48,-2.70,1.30
-1.32,-2.59,1.30
-1.33,-2.83,1.30
-1.28,-2.95,1.30
-1.14,-2.89,1.30
-1.03,-2.87,1.30
-0.99,-3.04,1.30
-0.89,-3.07,1.30
-0.76,-2.97,1.30
-0.63,-2.83,1.30
-0.54,-2.82,1.30
-0.45,-2.82,1.30
-0.37,-2.91,1.30
-0.30,-3.22,1.30
-0.19,-3.09,1.30
-0.10,-3.11,1.30
0.00,-3.26,1.30
0.10,-3.26,1.30
0.20,-3.25,1.30
0.31,-3.23,1.30
0.43,-3.37,1.30
0.51,-3.25,1.30
0.61,-3.21,1.30
0.74,-3.31,1.30
0.88,-3.41,1.30
1.00,-3.45,1.30
1.16,-3.57,1.30
1.34,-3.71,1.30
1.41,-3.56,1.30
1.58,-3.66,1.30
1.79,-3.80,1.30
1.95,-3.83,1.30
2.19,-3.99,1.30
2.38,-4.03,1.30
2.49,-3.92,1.30
2.57,-3.78,1.30
2.64,-3.63,1.30
2.67,-3.44,1.30
2.70,-3.26,1.30
2.76,-3.13,1.30
2.75,-2.93,1.30
2.87,-2.87,1.30
2.78,-2.61,1.30
2.84,-2.50,1.30
2.62,-2.17,1.30
2.47,-1.92,1.30
2.46,-1.78,1.30
2.70,-1.83,1.30
2.65,-1.68,1.30
2.49,-1.47,1.30
1.92,-1.06,1.30
1.64,-0.84,1.30
1.13,-0.53,1.30
0.80,-0.34,1.30
0.65,-0.26,1.30
0.57,-0.21,1.30
0.52,-0.17,1.30
0.84,-0.24,1.30
0.25,-0.06,1.30
0.03,-0.01,1.30
0.12,-0.02,1.30
0.14,-0.02,1.30
0.35,-0.04,1.30
-0.21,0.02,1.30
-0.01,0.00,1.30
-0.07,0.00,1.30
-0.36,0.00,1.40
-0.08,-0.00,1.40
-0.09,-0.01,1.40
-0.12,-0.01,1.40
-0.00,-0.00,1.40
0.23,0.04,1.40
0.28,0.05,1.40
0.09,0.02,1.40
-0.12,-0.03,1.40
-0.20,-0.06,1.40
-0.16,-0.05,1.40
-0.22,-0.08,1.40
-0.13,-0.05,1.40
-0.27,-0.11,1.40
-0.12,-0.05,1.40
0.26,0.13,1.40
0.59,0.32,1.40
1.00,0.59,1.40
1.83,1.16,1.40
2.26,1.54,1.40
2.86,2.07,1.40
2.95,2.29,1.40
3.15,2.60,1.40
3.05,2.69,1.40
3.14,2.94,1.40
3.11,3.11,1.40
3.05,3.25,1.40
2.95,3.35,1.40
2.69,3.25,1.40
2.56,3.30,1.40
2.41,3.31,1.40
2.23,3.28,1.40
2.06,3.25,1.40
1.94,3.29,1.40
1.81,3.29,1.40
1.64,3.22,1.40
1.55,3.30,1.40
1.37,3.18,1.40
1.23,3.10,1.40
1.13,3.13,1.40
1.01,3.11,1.40
0.85,2.94,1.40
0.78,3.05,1.40
0.66,2.97,1.40
0.55,2.88,1.40
0.48,3.00,1.40
0.38,3.01,1.40
0.28,2.91,1.40
0.17,2.73,1.40
0.09,2.87,1.40
-0.00,2.75,1.40
-0.09,2.83,1.40
-0.17,2.76,1.40
-0.25,2.69,1.40
-0.35,2.80,1.40
-0.46,2.92,1.40
-0.50,2.62,1.40
-0.59,2.64,1.40
-0.69,2.69,1.40
-0.74,2.55,1.40
-0.82,2.53,1.40
-0.91,2.51,1.40
-0.91,2.29,1.40
-1.01,2.32,1.40
-1.07,2.28,1.40
-1.12,2.19,1.40
-1.22,2.22,1.40
-1.37,2.31,1.40
-1.44,2.27,1.40
-1.55,2.28,1.40
-1.56,2.14,1.40
-1.61,2.07,1.40
-1.75,2.12,1.40
-1.79,2.03,1.40
-1.83,1.95,1.40
-2.04,2.04,1.40
-2.15,2.02,1.40
-2.25,1.98,1.40
-2.24,1.86,1.40
-2.25,1.74,1.40
-2.43,1.76,1.40
-2.36,1.61,1.40
-2.47,1.57,1.40
-2.56,1.51,1.40
-2.56,1.41,1.40
-2.56,1.31,1.40
-2.71,1.27,1.40
-2.73,1.18,1.40
-2.69,1.06,1.40
-2.74,0.99,1.40
-2.86,0.93,1.40
-2.81,0.82,1.40
-2.95,0.76,1.40
-2.89,0.65,1.40
-3.02,0.58,1.40
-3.15,0.50,1.40
-3.02,0.38,1.40
-3.13,0.30,1.40
-2.91,0.18,1.40
-3.25,0.10,1.40
-3.12,-0.00,1.40
-3.23,-0.10,1.40
-3.12,-0.20,1.40
-3.14,-0.30,1.40
-3.15,-0.40,1.40
-3.02,-0.48,1.40
-3.03,-0.58,1.40
-3.01,-0.67,1.40
-3.06,-0.78,1.40
-3.03,-0.88,1.40
-3.01,-0.98,1.40
-2.94,-1.06,1.40
-2.84,-1.12,1.40
-2.94,-1.27,1.40
-2.83,-1.33,1.40
-2.74,-1.40,1.40
-2.75,-1.51,1.40
-2.70,-1.59,1.40
-2.66,-1.69,1.40
-2.56,-1.74,1.40
-2.57,-1.86,1.40
-2.48,-1.92,1.40
-2.47,-2.04,1.40
-2.39,-2.10,1.40
-2.17,-2.03,1.40
-2.03,-2.03,1.40
-1.96,-2.09,1.40
-2.02,-2.29,1.40
-1.93,-2.33,1.40
-1.92,-2.48,1.40
-1.81,-2.49,1.40
-1.81,-2.66,1.40
-1.65,-2.60,1.40
-1.58,-2.67,1.40
-1.46,-2.65,1.40
-1.36,-2.68,1.40
-1.24,-2.64,1.40
-1.19,-2.76,1.40
-1.12,-2.83,1.40
-1.05,-2.91,1.40
-0.94,-2.90,1.40
-0.84,-2.90,1.40
-0.73,-2.84,1.40
-0.63,-2.80,1.40
-0.56,-2.94,1.40
-0.46,-2.93,1.40
-0.37,-2.89,1.40
-0.28,-2.97,1.40
-0.19,-3.05,1.40
-0.10,-3.08,1.40
0.00,-3.06,1.40
0.10,-3.14,1.40
0.20,-3.25,1.40
0.31,-3.33,1.40
0.42,-3.29,1.40
0.51,-3.23,1.40
0.61,-3.19,1.40
0.71,-3.18,1.40
0.85,-3.32,1.40
0.99,-3.39,1.40
1.11,-3.41,1.40
1.25,-3.47,1.40
1.36,-3.44,1.40
1.53,-3.53,1.40
1.68,-3.57,1.40
1.89,-3.71,1.40
2.11,-3.84,1.40
2.30,-3.90,1.40
2.47,-3.89,1.40
2.55,-3.75,1.40
2.74,-3.77,1.40
2.65,-3.42,1.40
2.71,-3.28,1.40
2.74,-3.11,1.40
2.74,-2.92,1.40
2.84,-2.84,1.40
2.78,-2.61,1.40
2.73,-2.41,1.40
2.61,-2.16,1.40
2.43,-1.88,1.40
2.40,-1.75,1.40
2.52,-1.71,1.40
2.69,-1.71,1.40
2.57,-1.52,1.40
1.85,-1.02,1.40
1.78,-0.91,1.40
1.22,-0.58,1.40
0.92,-0.40,1.40
0.68,-0.27,1.40
0.56,-0.20,1.40
0.64,-0.21,1.40
0.52,-0.15,1.40
0.22,-0.06,1.40
0.12,-0.03,1.40
0.30,-0.06,1.40
0.07,-0.01,1.40
0.08,-0.01,1.40
-0.01,0.00,1.40
-0.15,0.01,1.40
-0.06,0.00,1.40
-0.49,0.00,1.50
-0.14,-0.00,1.50
-0.29,-0.02,1.50
-0.35,-0.03,1.50
-0.28,-0.03,1.50
-0.23,-0.04,1.50
-0.32,-0.06,1.50
-0.28,-0.06,1.50
-0.39,-0.10,1.50
-0.16,-0.05,1.50
-0.15,-0.05,1.50
-0.27,-0.10,1.50
-0.35,-0.14,1.50
-0.10,-0.04,1.50
-0.12,-0.05,1.50
-0.08,-0.04,1.50
0.43,0.24,1.50
0.63,0.37,1.50
1.73,1.10,1.50
2.09,1.42,1.50
2.69,1.95,1.50
2.96,2.30,1.50
3.10,2.56,1.50
3.07,2.70,1.50
3.12,2.93,1.50
3.12,3.12,1.50
2.96,3.15,1.50
2.91,3.30,1.50
2.76,3.34,1.50
2.52,3.25,1.50
2.34,3.22,1.50
2.22,3.26,1.50
2.03,3.19,1.50
1.96,3.31,1.50
1.80,3.27,1.50
1.68,3.30,1.50
1.49,3.16,1.50
1.35,3.13,1.50
1.20,3.02,1.50
1.10,3.06,1.50
0.95,2.92,1.50
0.87,2.99,1.50
0.74,2.89,1.50
0.65,2.90,1.50
0.51,2.69,1.50
0.44,2.75,1.50
0.35,2.77,1.50
0.25,2.66,1.50
0.16,2.62,1.50
0.08,2.67,1.50
-0.00,2.72,1.50
-0.08,2.62,1.50
-0.17,2.73,1.50
-0.26,2.70,1.50
-0.34,2.66,1.50
-0.43,2.74,1.50
-0.52,2.70,1.50
-0.54,2.43,1.50
-0.68,2.65,1.50
-0.74,2.53,1.50
-0.77,2.37,1.50
-0.86,2.40,1.50
-0.90,2.28,1.50
-1.02,2.36,1.50
-1.06,2.26,1.50
-1.19,2.34,1.50
-1.23,2.24,1.50
-1.32,2.22,1.50
-1.37,2.15,1.50
-1.51,2.22,1.50
-1.57,2.16,1.50
-1.74,2.24,1.50
-1.69,2.04,1.50
-1.77,2.00,1.50
-1.89,2.01,1.50
-1.92,1.92,1.50
-2.12,1.99,1.50
-2.21,1.95,1.50
-2.35,1.94,1.50
-2.32,1.80,1.50
-2.37,1.72,1.50
-2.37,1.61,1.50
-2.51,1.59,1.50
-2.45,1.45,1.50
-2.55,1.40,1.50
-2.59,1.32,1.50
-2.66,1.25,1.50
-2.66,1.15,1.50
-2.70,1.07,1.50
-2.73,0.98,1.50
-2.84,0.92,1.50
-2.82,0.82,1.50
-2.83,0.73,1.50
-2.92,0.65,1.50
-2.97,0.57,1.50
-3.01,0.48,1.50
-3.13,0.40,1.50
-2.99,0.28,1.50
-3.03,0.19,1.50
-2.94,0.09,1.50
-2.95,-0.00,1.50
-3.05,-0.10,1.50
-3.11,-0.20,1.50
-3.09,-0.29,1.50
-3.05,-0.39,1.50
-3.13,-0.50,1.50
-3.08,-0.59,1.50
-3.09,-0.69,1.50
-2.98,-0.77,1.50
-3.07,-0.89,1.50
-2.97,-0.97,1.50
-2.83,-1.02,1.50
-2.91,-1.15,1.50
-2.87,-1.24,1.50
-2.89,-1.36,1.50
-2.75,-1.40,1.50
-2.71,-1.49,1.50
-2.60,-1.54,1.50
-2.56,-1.63,1.50
-2.54,-1.72,1.50
-2.55,-1.85,1.50
-2.52,-1.96,1.50
-2.42,-2.00,1.50
-2.28,-2.01,1.50
-2.09,-1.97,1.50
-2.07,-2.07,1.50
-1.97,-2.10,1.50
-1.94,-2.20,1.50
-2.02,-2.44,1.50
-1.86,-2.40,1.50
-1.78,-2.46,1.50
-1.80,-2.66,1.50
-1.57,-2.47,1.50
-1.50,-2.53,1.50
-1.38,-2.51,1.50
-1.32,-2.59,1.50
-1.26,-2.69,1.50
-1.17,-2.70,1.50
-1.11,-2.81,1.50
-0.97,-2.70,1.50
-0.89,-2.75,1.50
-0.82,-2.83,1.50
-0.75,-2.92,1.50
-0.66,-2.93,1.50
-0.56,-2.96,1.50
-0.47,-2.95,1.50
-0.36,-2.85,1.50
-0.28,-2.95,1.50
-0.19,-3.08,1.50
-0.10,-3.07,1.50
0.00,-3.15,1.50
0.10,-3.11,1.50
0.20,-3.18,1.50
0.30,-3.16,1.50
0.41,-3.23,1.50
0.50,-3.18,1.50
0.60,-3.13,1.50
0.72,-3.21,1.50
0.81,-3.15,1.50
0.96,-3.29,1.50
1.14,-3.52,1.50
1.23,-3.40,1.50
1.32,-3.33,1.50
1.43,-3.31,1.50
1.62,-3.43,1.50
1.78,-3.49,1.50
2.08,-3.78,1.50
2.21,-3.74,1.50
2.50,-3.94,1.50
2.50,-3.68,1.50
2.59,-3.57,1.50
2.69,-3.47,1.50
2.70,-3.26,1.50
2.68,-3.03,1.50
2.79,-2.97,1.50
2.86,-2.86,1.50
2.81,-2.64,1.50
2.73,-2.40,1.50
2.58,-2.13,1.50
2.49,-1.93,1.50
2.42,-1.75,1.50
2.64,-1.79,1.50
2.68,-1.70,1.50
2.49,-1.47,1.50
1.89,-1.04,1.50
1.55,-0.79,1.50
1.12,-0.53,1.50
0.79,-0.34,1.50
0.54,-0.21,1.50
0.85,-0.31,1.50
0.72,-0.23,1.50
0.49,-0.14,1.50
0.07,-0.02,1.50
0.59,-0.13,1.50
0.48,-0.09,1.50
0.31,-0.05,1.50
-0.31,0.04,1.50
-0.11,0.01,1.50
-0.28,0.02,1.50
-0.27,0.01,1.50
-0.11,0.00,1.60
-0.20,-0.01,1.60
-0.29,-0.02,1.60
-0.17,-0.02,1.60
-0.29,-0.04,1.60
-0.18,-0.03,1.60
-0.44,-0.08,1.60
-0.12,-0.03,1.60
-0.18,-0.05,1.60
-0.56,-0.16,1.60
-0.51,-0.17,1.60
-0.54,-0.19,1.60
-0.48,-0.19,1.60
-0.62,-0.27,1.60
-0.21,-0.10,1.60
-0.16,-0.08,1.60
0.20,0.11,1.60
0.56,0.33,1.60
1.44,0.91,1.60
2.06,1.40,1.60
2.68,1.95,1.60
2.90,2.25,1.60
3.03,2.51,1.60
3.07,2.71,1.60
3.07,2.88,1.60
3.09,3.09,1.60
2.94,3.13,1.60
2.79,3.17,1.60
2.60,3.14,1.60
2.61,3.36,1.60
2.26,3.12,1.60
2.09,3.08,1.60
1.93,3.04,1.60
1.83,3.10,1.60
1.80,3.28,1.60
1.61,3.15,1.60
1.43,3.03,1.60
1.32,3.06,1.60
1.17,2.95,1.60
1.04,2.89,1.60
0.92,2.83,1.60
0.83,2.85,1.60
0.76,2.98,1.60
0.64,2.87,1.60
0.50,2.63,1.60
0.42,2.67,1.60
0.33,2.62,1.60
0.26,2.73,1.60
0.17,2.71,1.60
0.09,2.74,1.60
-0.00,2.73,1.60
-0.09,2.80,1.60
-0.17,2.73,1.60
-0.25,2.62,1.60
-0.32,2.56,1.60
-0.41,2.57,1.60
-0.46,2.41,1.60
-0.55,2.45,1.60
-0.64,2.48,1.60
-0.71,2.45,1.60
-0.84,2.59,1.60
-0.86,2.38,1.60
-0.95,2.39,1.60
-1.01,2.33,1.60
-1.10,2.33,1.60
-1.14,2.23,1.60
-1.20,2.19,1.60
-1.27,2.15,1.60
-1.31,2.06,1.60
-1.43,2.10,1.60
-1.48,2.03,1.60
-1.50,1.93,1.60
-1.68,2.03,1.60
-1.82,2.07,1.60
-1.87,2.00,1.60
-1.90,1.90,1.60
-2.05,1.93,1.60
-2.17,1.91,1.60
-2.18,1.80,1.60
-2.28,1.77,1.60
-2.33,1.69,1.60
-2.41,1.64,1.60
-2.54,1.61,1.60
-2.31,1.36,1.60
-2.60,1.43,1.60
-2.70,1.38,1.60
-2.66,1.25,1.60
-2.77,1.20,1.60
-2.76,1.09,1.60
-2.77,1.00,1.60
-2.76,0.90,1.60
-2.76,0.80,1.60
-2.77,0.71,1.60
-3.03,0.68,1.60
-2.95,0.56,1.60
-2.93,0.46,1.60
-2.91,0.37,1.60
-2.93,0.28,1.60
-2.86,0.18,1.60
-2.93,0.09,1.60
-3.03,-0.00,1.60
-2.96,-0.09,1.60
-3.16,-0.20,1.60
-3.08,-0.29,1.60
-3.06,-0.39,1.60
-3.12,-0.49,1.60
-3.00,-0.57,1.60
-3.01,-0.67,1.60
-3.05,-0.78,1.60
-3.16,-0.92,1.60
-2.80,-0.91,1.60
-2.79,-1.01,1.60
-2.83,-1.12,1.60
-2.91,-1.26,1.60
-2.76,-1.30,1.60
-2.74,-1.39,1.60
-2.59,-1.42,1.60
-2.46,-1.45,1.60
-2.43,-1.54,1.60
-2.50,-1.70,1.60
-2.42,-1.76,1.60
-2.35,-1.83,1.60
-2.38,-1.97,1.60
-2.23,-1.97,1.60
-2.12,-1.99,1.60
-2.05,-2.05,1.60
-2.00,-2.13,1.60
-2.00,-2.27,1.60
-1.96,-2.37,1.60
-1.79,-2.31,1.60
-1.76,-2.42,1.60
-1.62,-2.38,1.60
-1.61,-2.54,1.60
-1.47,-2.48,1.60
-1.40,-2.54,1.60
-1.35,-2.65,1.60
-1.33,-2.84,1.60
-1.17,-2.70,1.60
-1.09,-2.75,1.60
-1.01,-2.80,1.60
-0.92,-2.82,1.60
-0.84,-2.91,1.60
-0.74,-2.89,1.60
-0.62,-2.75,1.60
-0.56,-2.96,1.60
-0.46,-2.88,1.60
-0.36,-2.83,1.60
-0.28,-3.01,1.60
-0.19,-2.99,1.60
-0.10,-3.06,1.60
0.00,-3.13,1.60
0.10,-3.15,1.60
0.20,-3.15,1.60
0.29,-3.11,1.60
0.39,-3.07,1.60
0.49,-3.09,1.60
0.58,-3.02,1.60
0.70,-3.12,1.60
0.83,-3.25,1.60
0.95,-3.27,1.60
1.11,-3.40,1.60
1.23,-3.41,1.60
1.32,-3.32,1.60
1.46,-3.37,1.60
1.58,-3.36,1.60
1.73,-3.40,1.60
1.95,-3.55,1.60
2.18,-3.68,1.60
2.35,-3.71,1.60
2.50,-3.68,1.60
2.60,-3.58,1.60
2.69,-3.47,1.60
2.71,-3.27,1.60
2.67,-3.03,1.60
2.83,-3.01,1.60
2.86,-2.86,1.60
2.74,-2.57,1.60
2.61,-2.30,1.60
2.57,-2.13,1.60
2.29,-1.77,1.60
2.41,-1.75,1.60
2.57,-1.75,1.60
2.59,-1.64,1.60
2.27,-1.34,1.60
1.59,-0.87,1.60
1.27,-0.65,1.60
0.79,-0.37,1.60
0.58,-0.25,1.60
0.55,-0.22,1.60
0.54,-0.20,1.60
0.30,-0.10,1.60
0.25,-0.07,1.60
0.40,-0.10,1.60
0.36,-0.08,1.60
-0.19,0.04,1.60
-0.28,0.04,1.60
0.11,-0.01,1.60
-0.32,0.03,1.60
-0.27,0.02,1.60
-0.22,0.01,1.60
-0.50,0.00,1.70
-0.28,-0.01,1.70
-0.45,-0.03,1.70
-0.58,-0.05,1.70
-0.68,-0.09,1.70
-0.73,-0.12,1.70
-0.70,-0.13,1.70
-0.49,-0.11,1.70
-0.55,-0.14,1.70
-0.45,-0.13,1.70
-0.52,-0.17,1.70
-0.71,-0.25,1.70
-0.62,-0.25,1.70
-0.58,-0.25,1.70
-0.48,-0.23,1.70
-0.55,-0.28,1.70
0.05,0.03,1.70
0.68,0.40,1.70
1.26,0.80,1.70
1.96,1.33,1.70
2.62,1.91,1.70
2.86,2.22,1.70
3.05,2.53,1.70
3.04,2.68,1.70
3.06,2.87,1.70
3.01,3.01,1.70
2.87,3.06,1.70
2.76,3.13,1.70
2.59,3.13,1.70
2.42,3.12,1.70
2.27,3.12,1.70
2.02,2.97,1.70
1.93,3.03,1.70
1.80,3.05,1.70
1.66,3.02,1.70
1.56,3.07,1.70
1.46,3.11,1.70
1.32,3.05,1.70
1.16,2.93,1.70
1.04,2.88,1.70
0.93,2.85,1.70
0.82,2.84,1.70
0.69,2.69,1.70
0.60,2.71,1.70
0.55,2.88,1.70
0.43,2.71,1.70
0.32,2.56,1.70
0.25,2.61,1.70
0.16,2.59,1.70
0.09,2.72,1.70
-0.00,2.61,1.70
-0.08,2.61,1.70
-0.15,2.41,1.70
-0.23,2.42,1.70
-0.31,2.43,1.70
-0.39,2.44,1.70
-0.46,2.40,1.70
-0.57,2.54,1.70
-0.61,2.38,1.70
-0.70,2.40,1.70
-0.76,2.34,1.70
-0.83,2.30,1.70
-0.89,2.24,1.70
-0.97,2.24,1.70
-1.04,2.21,1.70
-1.11,2.17,1.70
-1.21,2.19,1.70
-1.38,2.34,1.70
-1.35,2.13,1.70
-1.39,2.05,1.70
-1.46,2.00,1.70
-1.64,2.11,1.70
-1.64,1.98,1.70
-1.65,1.87,1.70
-1.82,1.94,1.70
-1.98,1.98,1.70
-2.05,1.93,1.70
-2.17,1.92,1.70
-2.23,1.84,1.70
-2.35,1.82,1.70
-2.28,1.66,1.70
-2.36,1.61,1.70
-2.34,1.49,1.70
-2.37,1.40,1.70
-2.48,1.36,1.70
-2.64,1.35,1.70
-2.75,1.29,1.70
-2.67,1.15,1.70
-2.79,1.11,1.70
-2.80,1.01,1.70
-2.82,0.91,1.70
-2.89,0.84,1.70
-2.84,0.73,1.70
-3.00,0.67,1.70
-2.81,0.54,1.70
-2.83,0.45,1.70
-2.87,0.36,1.70
-2.90,0.27,1.70
-3.05,0.19,1.70
-2.91,0.09,1.70
-2.93,-0.00,1.70
-3.10,-0.10,1.70
-3.03,-0.19,1.70
-3.22,-0.30,1.70
-3.00,-0.38,1.70
-3.11,-0.49,1.70
-3.04,-0.58,1.70
-3.08,-0.69,1.70
-3.04,-0.78,1.70
-3.00,-0.87,1.70
-2.95,-0.96,1.70
-2.77,-1.00,1.70
-2.89,-1.14,1.70
-2.83,-1.22,1.70
-2.89,-1.36,1.70
-2.82,-1.44,1.70
-2.53,-1.39,1.70
-2.54,-1.50,1.70
-2.43,-1.54,1.70
-2.43,-1.65,1.70
-2.40,-1.74,1.70
-2.52,-1.96,1.70
-2.34,-1.94,1.70
-2.19,-1.93,1.70
-2.13,-2.00,1.70
-2.05,-2.05,1.70
-1.98,-2.11,1.70
-1.96,-2.22,1.70
-1.92,-2.32,1.70
-1.80,-2.33,1.70
-1.70,-2.35,1.70
-1.75,-2.58,1.70
-1.53,-2.41,1.70
-1.44,-2.44,1.70
-1.40,-2.54,1.70
-1.32,-2.58,1.70
-1.27,-2.71,1.70
-1.13,-2.62,1.70
-1.05,-2.65,1.70
-0.99,-2.74,1.70
-0.89,-2.74,1.70
-0.87,-2.98,1.70
-0.70,-2.73,1.70
-0.61,-2.73,1.70
-0.54,-2.83,1.70
-0.44,-2.79,1.70
-0.37,-2.96,1.70
-0.28,-3.00,1.70
-0.20,-3.12,1.70
-0.10,-3.19,1.70
0.00,-3.26,1.70
0.10,-3.12,1.70
0.20,-3.12,1.70
0.29,-3.10,1.70
0.39,-3.05,1.70
0.48,-3.04,1.70
0.58,-3.01,1.70
0.75,-3.33,1.70
0.84,-3.27,1.70
0.98,-3.37,1.70
1.07,-3.30,1.70
1.21,-3.36,1.70
1.32,-3.33,1.70
1.46,-3.37,1.70
1.52,-3.24,1.70
1.67,-3.27,1.70
1.86,-3.38,1.70
2.06,-3.48,1.70
2.29,-3.61,1.70
2.45,-3.60,1.70
2.59,-3.57,1.70
2.67,-3.44,1.70
2.70,-3.27,1.70
2.74,-3.11,1.70
2.82,-3.00,1.70
2.83,-2.83,1.70
2.73,-2.56,1.70
2.64,-2.33,1.70
2.37,-1.96,1.70
2.33,-1.80,1.70
2.33,-1.69,1.70
2.59,-1.76,1.70
2.10,-1.33,1.70
1.87,-1.11,1.70
1.32,-0.73,1.70
0.95,-0.48,1.70
0.62,-0.29,1.70
0.53,-0.23,1.70
0.52,-0.20,1.70
0.31,-0.11,1.70
0.03,-0.01,1.70
0.13,-0.04,1.70
0.17,-0.04,1.70
-0.35,0.08,1.70
-0.01,0.00,1.70
-0.39,0.06,1.70
-0.05,0.01,1.70
-0.27,0.03,1.70
-0.43,0.03,1.70
-0.62,0.02,1.70
-0.66,0.00,1.80
-0.61,-0.02,1.80
-0.52,-0.03,1.80
-0.66,-0.06,1.80
-0.54,-0.07,1.80
-0.55,-0.09,1.80
-0.55,-0.11,1.80
-0.52,-0.12,1.80
-0.70,-0.18,1.80
-0.50,-0.15,1.80
-0.71,-0.23,1.80
-0.78,-0.28,1.80
-0.78,-0.31,1.80
-0.85,-0.37,1.80
-0.55,-0.26,1.80
-0.52,-0.27,1.80
0.10,0.06,1.80
0.36,0.21,1.80
1.03,0.66,1.80
1.63,1.11,1.80
2.54,1.84,1.80
2.72,2.11,1.80
2.96,2.45,1.80
3.00,2.65,1.80
3.04,2.85,1.80
2.96,2.96,1.80
2.79,2.97,1.80
2.68,3.04,1.80
2.53,3.06,1.80
2.34,3.02,1.80
2.15,2.96,1.80
2.06,3.04,1.80
1.83,2.89,1.80
1.74,2.94,1.80
1.67,3.03,1.80
1.54,3.03,1.80
1.35,2.87,1.80
1.23,2.84,1.80
1.10,2.79,1.80
1.00,2.78,1.80
0.85,2.63,1.80
0.75,2.59,1.80
0.69,2.68,1.80
0.57,2.56,1.80
0.53,2.75,1.80
0.42,2.67,1.80
0.32,2.57,1.80
0.24,2.58,1.80
0.15,2.46,1.80
0.08,2.49,1.80
-0.00,2.52,1.80
-0.08,2.52,1.80
-0.16,2.52,1.80
-0.26,2.76,1.80
-0.31,2.43,1.80
-0.39,2.44,1.80
-0.46,2.40,1.80
-0.54,2.43,1.80
-0.62,2.41,1.80
-0.67,2.31,1.80
-0.75,2.32,1.80
-0.89,2.46,1.80
-0.93,2.36,1.80
-0.98,2.25,1.80
-1.05,2.22,1.80
-1.12,2.21,1.80
-1.22,2.22,1.80
-1.28,2.16,1.80
-1.35,2.13,1.80
-1.41,2.07,1.80
-1.57,2.17,1.80
-1.57,2.02,1.80
-1.64,1.98,1.80
-1.64,1.86,1.80
-1.85,1.97,1.80
-2.03,2.03,1.80
-2.03,1.91,1.80
-2.18,1.92,1.80
-2.06,1.70,1.80
-2.23,1.73,1.80
-2.31,1.68,1.80
-2.35,1.60,1.80
-2.42,1.54,1.80
-2.58,1.52,1.80
-2.59,1.42,1.80
-2.66,1.36,1.80
-2.75,1.29,1.80
-2.72,1.18,1.80
-2.70,1.07,1.80
-2.79,1.00,1.80
-2.76,0.90,1.80
-2.92,0.85,1.80
-2.84,0.73,1.80
-2.86,0.64,1.80
-2.85,0.54,1.80
-2.84,0.45,1.80
-2.90,0.37,1.80
-2.92,0.28,1.80
-3.05,0.19,1.80
-2.86,0.09,1.80
-3.08,-0.00,1.80
-3.01,-0.09,1.80
-3.11,-0.20,1.80
-3.11,-0.29,1.80
-3.15,-0.40,1.80
-3.09,-0.49,1.80
-2.97,-0.57,1.80
-3.13,-0.70,1.80
-2.94,-0.75,1.80
-2.85,-0.83,1.80
-2.94,-0.95,1.80
-2.77,-1.00,1.80
-2.84,-1.12,1.80
-2.78,-1.20,1.80
-2.77,-1.30,1.80
-2.68,-1.37,1.80
-2.67,-1.47,1.80
-2.45,-1.45,1.80
-2.40,-1.52,1.80
-2.41,-1.64,1.80
-2.35,-1.71,1.80
-2.38,-1.85,1.80
-2.29,-1.89,1.80
-2.20,-1.94,1.80
-2.12,-1.99,1.80
-2.16,-2.16,1.80
-1.96,-2.09,1.80
-1.92,-2.18,1.80
-1.85,-2.23,1.80
-1.81,-2.34,1.80
-1.77,-2.43,1.80
-1.61,-2.38,1.80
-1.56,-2.45,1.80
-1.47,-2.49,1.80
-1.40,-2.55,1.80
-1.31,-2.57,1.80
-1.23,-2.61,1.80
-1.10,-2.55,1.80
-1.06,-2.67,1.80
-0.97,-2.70,1.80
-0.90,-2.77,1.80
-0.77,-2.64,1.80
-0.71,-2.77,1.80
-0.65,-2.90,1.80
-0.56,-2.92,1.80
-0.47,-2.97,1.80
-0.37,-2.90,1.80
-0.27,-2.82,1.80
-0.19,-3.02,1.80
-0.10,-3.11,1.80
0.00,-2.99,1.80
0.09,-2.90,1.80
0.19,-3.04,1.80
0.29,-3.10,1.80
0.40,-3.16,1.80
0.49,-3.11,1.80
0.58,-3.05,1.80
0.68,-3.05,1.80
0.82,-3.21,1.80
0.92,-3.17,1.80
1.07,-3.29,1.80
1.21,-3.37,1.80
1.33,-3.35,1.80
1.45,-3.35,1.80
1.53,-3.24,1.80
1.67,-3.29,1.80
1.79,-3.26,1.80
2.03,-3.43,1.80
2.19,-3.45,1.80
2.43,-3.58,1.80
2.48,-3.41,1.80
2.58,-3.33,1.80
2.63,-3.18,1.80
2.67,-3.02,1.80
2.74,-2.92,1.80
2.83,-2.83,1.80
2.61,-2.45,1.80
2.49,-2.19,1.80
2.37,-1.96,1.80
2.33,-1.81,1.80
2.28,-1.65,1.80
2.41,-1.64,1.80
1.92,-1.22,1.80
1.59,-0.94,1.80
1.09,-0.60,1.80
0.77,-0.39,1.80
0.54,-0.25,1.80
0.30,-0.13,1.80
0.33,-0.13,1.80
0.39,-0.14,1.80
-0.23,0.07,1.80
-0.28,0.08,1.80
0.04,-0.01,1.80
-0.35,0.08,1.80
-0.27,0.05,1.80
-0.29,0.05,1.80
-0.50,0.06,1.80
-0.48,0.05,1.80
-0.54,0.03,1.80
-0.72,0.02,1.80
-0.57,0.00,1.90
-0.63,-0.02,1.90
-0.64,-0.04,1.90
-0.51,-0.05,1.90
-0.37,-0.05,1.90
-0.68,-0.11,1.90
-0.53,-0.10,1.90
-0.62,-0.14,1.90
-0.56,-0.14,1.90
-0.35,-0.10,1.90
-0.76,-0.25,1.90
-0.69,-0.25,1.90
-0.76,-0.30,1.90
-0.64,-0.28,1.90
-0.62,-0.29,1.90
-0.63,-0.32,1.90
-0.61,-0.33,1.90
-0.49,-0.29,1.90
0.83,0.52,1.90
1.04,0.71,1.90
2.03,1.47,1.90
2.41,1.87,1.90
2.82,2.34,1.90
2.89,2.55,1.90
2.98,2.80,1.90
2.89,2.89,1.90
2.76,2.94,1.90
2.67,3.03,1.90
2.49,3.01,1.90
2.34,3.01,1.90
2.14,2.95,1.90
1.97,2.90,1.90
1.88,2.96,1.90
1.76,2.97,1.90
1.56,2.84,1.90
1.48,2.91,1.90
1.37,2.91,1.90
1.26,2.91,1.90
1.10,2.79,1.90
0.96,2.66,1.90
0.90,2.76,1.90
0.75,2.60,1.90
0.65,2.54,1.90
0.59,2.62,1.90
0.48,2.54,1.90
0.40,2.52,1.90
0.31,2.49,1.90
0.25,2.61,1.90
0.15,2.40,1.90
0.08,2.47,1.90
-0.00,2.52,1.90
-0.08,2.49,1.90
-0.16,2.50,1.90
-0.23,2.48,1.90
-0.31,2.49,1.90
-0.39,2.48,1.90
-0.46,2.43,1.90
-0.56,2.49,1.90
-0.62,2.42,1.90
-0.64,2.20,1.90
-0.82,2.54,1.90
-0.82,2.28,1.90
-0.85,2.14,1.90
-0.99,2.28,1.90
-1.12,2.38,1.90
-1.10,2.16,1.90
-1.29,2.35,1.90
-1.25,2.11,1.90
-1.35,2.14,1.90
-1.45,2.13,1.90
-1.56,2.14,1.90
-1.49,1.92,1.90
-1.66,2.00,1.90
-1.67,1.90,1.90
-1.67,1.77,1.90
-1.77,1.77,1.90
-2.01,1.89,1.90
-1.97,1.74,1.90
-2.11,1.75,1.90
-2.19,1.70,1.90
-2.25,1.63,1.90
-2.36,1.60,1.90
-2.29,1.45,1.90
-2.44,1.44,1.90
-2.49,1.37,1.90
-2.51,1.28,1.90
-2.82,1.33,1.90
-2.63,1.14,1.90
-2.72,1.08,1.90
-2.72,0.98,1.90
-2.86,0.93,1.90
-2.80,0.81,1.90
-2.82,0.72,1.90
-2.91,0.65,1.90
-3.05,0.58,1.90
-2.85,0.45,1.90
-2.97,0.38,1.90
-2.95,0.28,1.90
-2.86,0.18,1.90
-2.88,0.09,1.90
-2.88,-0.00,1.90
-3.08,-0.10,1.90
-3.06,-0.19,1.90
-3.16,-0.30,1.90
-3.06,-0.39,1.90
-2.98,-0.47,1.90
-2.94,-0.56,1.90
-2.79,-0.62,1.90
-2.89,-0.74,1.90
-3.12,-0.91,1.90
-2.88,-0.93,1.90
-2.80,-1.01,1.90
-2.70,-1.07,1.90
-2.89,-1.25,1.90
-2.71,-1.27,1.90
-2.94,-1.50,1.90
-2.67,-1.47,1.90
-2.53,-1.50,1.90
-2.53,-1.61,1.90
-2.36,-1.60,1.90
-2.46,-1.79,1.90
-2.36,-1.83,1.90
-2.24,-1.85,1.90
-2.19,-1.93,1.90
-2.14,-2.01,1.90
-2.01,-2.01,1.90
-1.85,-1.97,1.90
-1.95,-2.21,1.90
-1.84,-2.23,1.90
-1.83,-2.36,1.90
-1.75,-2.40,1.90
-1.62,-2.38,1.90
-1.54,-2.42,1.90
-1.52,-2.58,1.90
-1.37,-2.49,1.90
-1.28,-2.51,1.90
-1.18,-2.52,1.90
-1.10,-2.54,1.90
-1.02,-2.57,1.90
-0.89,-2.48,1.90
-0.89,-2.74,1.90
-0.77,-2.67,1.90
-0.69,-2.67,1.90
-0.60,-2.69,1.90
-0.57,-2.99,1.90
-0.46,-2.88,1.90
-0.38,-2.99,1.90
-0.28,-2.94,1.90
-0.19,-3.06,1.90
-0.09,-2.91,1.90
0.00,-2.94,1.90
0.09,-2.91,1.90
0.18,-2.93,1.90
0.27,-2.91,1.90
0.37,-2.90,1.90
0.47,-2.98,1.90
0.58,-3.06,1.90
0.68,-3.03,1.90
0.83,-3.23,1.90
0.94,-3.23,1.90
1.05,-3.22,1.90
1.17,-3.25,1.90
1.33,-3.37,1.90
1.37,-3.18,1.90
1.47,-3.12,1.90
1.56,-3.05,1.90
1.71,-3.12,1.90
1.91,-3.23,1.90
2.16,-3.41,1.90
2.36,-3.48,1.90
2.40,-3.30,1.90
2.55,-3.29,1.90
2.56,-3.09,1.90
2.74,-3.11,1.90
2.68,-2.85,1.90
2.76,-2.76,1.90
2.60,-2.44,1.90
2.54,-2.24,1.90
2.35,-1.94,1.90
2.28,-1.77,1.90
2.17,-1.58,1.90
2.22,-1.51,1.90
1.73,-1.10,1.90
1.32,-0.78,1.90
1.02,-0.56,1.90
0.77,-0.39,1.90
0.51,-0.24,1.90
0.35,-0.15,1.90
0.26,-0.10,1.90
0.02,-0.01,1.90
-0.04,0.01,1.90
-0.19,0.06,1.90
-0.31,0.08,1.90
-0.39,0.09,1.90
-0.39,0.07,1.90
-0.64,0.10,1.90
-0.63,0.08,1.90
-0.58,0.05,1.90
-0.51,0.03,1.90
-0.59,0.02,1.90
-0.80,0.00,2.00
-1.04,-0.03,2.00
-1.03,-0.06,2.00
-1.26,-0.12,2.00
-1.31,-0.16,2.00
-0.89,-0.14,2.00
-0.93,-0.18,2.00
-0.89,-0.20,2.00
-1.16,-0.30,2.00
-1.33,-0.39,2.00
-1.20,-0.39,2.00
-1.40,-0.50,2.00
-1.39,-0.55,2.00
-1.33,-0.57,2.00
-1.26,-0.59,2.00
-1.01,-0.51,2.00
-1.17,-0.64,2.00
-0.77,-0.45,2.00
-0.36,-0.23,2.00
0.52,0.35,2.00
1.53,1.11,2.00
1.90,1.47,2.00
2.28,1.88,2.00
2.54,2.24,2.00
2.65,2.48,2.00
2.56,2.56,2.00
2.51,2.67,2.00
2.41,2.73,2.00
2.22,2.68,2.00
2.04,2.63,2.00
1.92,2.64,2.00
1.74,2.56,2.00
1.61,2.54,2.00
1.54,2.61,2.00
1.45,2.64,2.00
1.37,2.69,2.00
1.19,2.53,2.00
1.07,2.48,2.00
0.92,2.32,2.00
0.80,2.21,2.00
0.76,2.32,2.00
0.68,2.34,2.00
0.56,2.20,2.00
0.47,2.11,2.00
0.42,2.20,2.00
0.35,2.18,2.00
0.27,2.17,2.00
0.21,2.19,2.00
0.14,2.24,2.00
0.07,2.18,2.00
-0.00,2.18,2.00
-0.07,2.23,2.00
-0.14,2.24,2.00
-0.21,2.20,2.00
-0.26,2.09,2.00
-0.33,2.05,2.00
-0.37,1.95,2.00
-0.45,2.02,2.00
-0.50,1.96,2.00
-0.55,1.89,2.00
-0.66,2.03,2.00
-0.66,1.85,2.00
-0.77,1.94,2.00
-0.83,1.91,2.00
-0.86,1.83,2.00
-0.94,1.84,2.00
-1.01,1.83,2.00
-1.13,1.91,2.00
-1.18,1.86,2.00
-1.25,1.85,2.00
-1.34,1.84,2.00
-1.37,1.77,2.00
-1.41,1.70,2.00
-1.43,1.62,2.00
-1.51,1.61,2.00
-1.52,1.52,2.00
-1.68,1.58,2.00
-1.68,1.48,2.00
-1.87,1.55,2.00
-1.86,1.44,2.00
-1.97,1.43,2.00
-1.97,1.34,2.00
-2.00,1.27,2.00
-2.07,1.22,2.00
-2.12,1.17,2.00
-2.15,1.10,2.00
-2.22,1.05,2.00
-2.40,1.04,2.00
-2.42,0.96,2.00
-2.52,0.91,2.00
-2.47,0.80,2.00
-2.45,0.71,2.00
-2.53,0.65,2.00
-2.47,0.55,2.00
-2.54,0.49,2.00
-2.52,0.40,2.00
-2.63,0.33,2.00
-2.54,0.24,2.00
-2.63,0.17,2.00
-2.52,0.08,2.00
-2.57,-0.00,2.00
-2.57,-0.08,2.00
-2.62,-0.17,2.00
-2.53,-0.24,2.00
-2.59,-0.33,2.00
-2.51,-0.40,2.00
-2.60,-0.50,2.00
-2.58,-0.58,2.00
-2.46,-0.63,2.00
-2.48,-0.72,2.00
-2.43,-0.79,2.00
-2.53,-0.91,2.00
-2.35,-0.93,2.00
-2.40,-1.04,2.00
-2.37,-1.12,2.00
-2.31,-1.18,2.00
-2.30,-1.26,2.00
-2.28,-1.35,2.00
-2.21,-1.40,2.00
-2.17,-1.47,2.00
-2.14,-1.55,2.00
-2.14,-1.66,2.00
-2.02,-1.67,2.00
-1.96,-1.73,2.00
-1.87,-1.75,2.00
-1.83,-1.83,2.00
-1.67,-1.78,2.00
-1.62,-1.84,2.00
-1.56,-1.89,2.00
-1.53,-1.97,2.00
-1.50,-2.07,2.00
-1.33,-1.96,2.00
-1.39,-2.19,2.00
-1.23,-2.08,2.00
-1.16,-2.12,2.00
-1.10,-2.15,2.00
-1.03,-2.19,2.00
-0.95,-2.20,2.00
-0.93,-2.34,2.00
-0.82,-2.28,2.00
-0.75,-2.32,2.00
-0.68,-2.35,2.00
-0.59,-2.32,2.00
-0.53,-2.35,2.00
-0.44,-2.32,2.00
-0.37,-2.31,2.00
-0.31,-2.49,2.00
-0.24,-2.55,2.00
-0.16,-2.60,2.00
-0.08,-2.60,2.00
0.00,-2.65,2.00
0.08,-2.57,2.00
0.16,-2.59,2.00
0.25,-2.64,2.00
0.32,-2.53,2.00
0.41,-2.59,2.00
0.48,-2.53,2.00
0.59,-2.66,2.00
0.70,-2.71,2.00
0.79,-2.72,2.00
0.96,-2.96,2.00
1.09,-3.03,2.00
1.16,-2.93,2.00
1.26,-2.92,2.00
1.34,-2.85,2.00
1.45,-2.85,2.00
1.63,-2.97,2.00
1.72,-2.91,2.00
1.93,-3.04,2.00
2.09,-3.07,2.00
2.17,-2.99,2.00
2.24,-2.89,2.00
2.34,-2.83,2.00
2.42,-2.74,2.00
2.48,-2.64,2.00
2.46,-2.46,2.00
2.30,-2.16,2.00
2.24,-1.97,2.00
2.01,-1.66,2.00
1.85,-1.44,2.00
1.73,-1.26,2.00
1.62,-1.10,2.00
1.15,-0.73,2.00
0.86,-0.51,2.00
0.43,-0.24,2.00
0.03,-0.01,2.00
-0.31,0.15,2.00
-0.57,0.25,2.00
-0.70,0.28,2.00
-0.70,0.25,2.00
-0.71,0.23,2.00
-0.74,0.21,2.00
-0.86,0.22,2.00
-0.95,0.21,2.00
-0.92,0.18,2.00
-0.96,0.15,2.00
-0.86,0.11,2.00
-1.17,0.11,2.00
-0.95,0.06,2.00
-1.01,0.03,2.00
-1.24,0.00,2.10
-0.95,-0.03,2.10
-1.18,-0.07,2.10
-1.29,-0.12,2.10
-1.27,-0.16,2.10
-0.94,-0.15,2.10
-1.03,-0.20,2.10
-1.05,-0.23,2.10
-1.17,-0.30,2.10
-1.30,-0.38,2.10
-1.47,-0.48,2.10
-1.42,-0.51,2.10
-1.58,-0.63,2.10
-1.40,-0.60,2.10
-1.42,-0.67,2.10
-1.36,-0.69,2.10
-1.23,-0.67,2.10
-1.04,-0.61,2.10
-0.54,-0.34,2.10
0.15,0.10,2.10
1.21,0.88,2.10
1.67,1.29,2.10
2.21,1.82,2.10
2.43,2.14,2.10
2.55,2.39,2.10
2.52,2.52,2.10
2.48,2.64,2.10
2.43,2.76,2.10
2.25,2.72,2.10
2.02,2.60,2.10
1.88,2.59,2.10
1.78,2.61,2.10
1.60,2.52,2.10
1.48,2.51,2.10
1.42,2.58,2.10
1.37,2.69,2.10
1.19,2.53,2.10
1.06,2.45,2.10
0.94,2.38,2.10
0.82,2.27,2.10
0.72,2.22,2.10
0.65,2.22,2.10
0.57,2.23,2.10
0.51,2.27,2.10
0.43,2.25,2.10
0.37,2.34,2.10
0.29,2.32,2.10
0.22,2.30,2.10
0.15,2.34,2.10
0.07,2.28,2.10
-0.00,2.35,2.10
-0.07,2.26,2.10
-0.14,2.19,2.10
-0.20,2.15,2.10
-0.26,2.08,2.10
-0.33,2.06,2.10
-0.40,2.10,2.10
-0.48,2.14,2.10
-0.55,2.13,2.10
-0.59,2.04,2.10
-0.64,1.96,2.10
-0.70,1.95,2.10
-0.74,1.88,2.10
-0.80,1.84,2.10
-0.93,1.97,2.10
-1.02,2.00,2.10
-1.03,1.88,2.10
-1.10,1.85,2.10
-1.21,1.90,2.10
-1.35,1.99,2.10
-1.36,1.87,2.10
-1.40,1.81,2.10
-1.46,1.76,2.10
-1.66,1.88,2.10
-1.56,1.66,2.10
-1.66,1.66,2.10
-1.79,1.68,2.10
-1.74,1.53,2.10
-1.90,1.57,2.10
-1.96,1.52,2.10
-2.05,1.49,2.10
-2.09,1.42,2.10
-2.11,1.34,2.10
-2.31,1.37,2.10
-2.38,1.31,2.10
-2.35,1.20,2.10
-2.23,1.05,2.10
-2.49,1.08,2.10
-2.52,1.00,2.10
-2.61,0.94,2.10
-2.49,0.81,2.10
-2.63,0.76,2.10
-2.54,0.65,2.10
-2.59,0.58,2.10
-2.78,0.53,2.10
-2.64,0.42,2.10
-2.67,0.34,2.10
-2.70,0.25,2.10
-2.73,0.17,2.10
-2.81,0.09,2.10
-2.69,-0.00,2.10
-2.76,-0.09,2.10
-2.81,-0.18,2.10
-2.69,-0.25,2.10
-2.62,-0.33,2.10
-2.78,-0.44,2.10
-2.74,-0.52,2.10
-2.69,-0.60,2.10
-2.69,-0.69,2.10
-2.60,-0.76,2.10
-2.62,-0.85,2.10
-2.75,-0.99,2.10
-2.51,-0.99,2.10
-2.47,-1.07,2.10
-2.57,-1.21,2.10
-2.46,-1.25,2.10
-2.47,-1.36,2.10
-2.38,-1.41,2.10
-2.41,-1.53,2.10
-2.21,-1.50,2.10
-2.16,-1.57,2.10
-2.17,-1.69,2.10
-2.13,-1.76,2.10
-2.07,-1.82,2.10
-2.02,-1.90,2.10
-1.82,-1.82,2.10
-1.72,-1.83,2.10
-1.66,-1.89,2.10
-1.57,-1.90,2.10
-1.59,-2.04,2.10
-1.50,-2.06,2.10
-1.39,-2.04,2.10
-1.34,-2.12,2.10
-1.33,-2.24,2.10
-1.25,-2.28,2.10
-1.10,-2.16,2.10
-1.01,-2.16,2.10
-0.92,-2.12,2.10
-0.91,-2.29,2.10
-0.85,-2.35,2.10
-0.73,-2.25,2.10
-0.68,-2.35,2.10
-0.63,-2.45,2.10
-0.54,-2.43,2.10
-0.47,-2.47,2.10
-0.39,-2.45,2.10
-0.31,-2.45,2.10
-0.24,-2.53,2.10
-0.17,-2.64,2.10
-0.08,-2.69,2.10
0.00,-2.84,2.10
0.09,-2.72,2.10
0.16,-2.50,2.10
0.23,-2.44,2.10
0.31,-2.45,2.10
0.39,-2.46,2.10
0.50,-2.61,2.10
0.59,-2.63,2.10
0.71,-2.77,2.10
0.81,-2.79,2.10
0.97,-2.99,2.10
1.06,-2.94,2.10
1.15,-2.91,2.10
1.22,-2.82,2.10
1.33,-2.83,2.10
1.48,-2.90,2.10
1.64,-2.99,2.10
1.76,-2.98,2.10
1.92,-3.02,2.10
2.10,-3.09,2.10
2.14,-2.95,2.10
2.20,-2.84,2.10
2.30,-2.78,2.10
2.32,-2.63,2.10
2.38,-2.53,2.10
2.42,-2.42,2.10
2.20,-2.07,2.10
2.10,-1.85,2.10
1.83,-1.51,2.10
1.74,-1.35,2.10
1.24,-0.90,2.10
1.07,-0.73,2.10
0.81,-0.52,2.10
0.60,-0.35,2.10
0.35,-0.19,2.10
-0.15,0.07,2.10
-0.47,0.22,2.10
-0.79,0.34,2.10
-0.70,0.28,2.10
-0.54,0.19,2.10
-0.71,0.23,2.10
-0.62,0.18,2.10
-0.93,0.24,2.10
-0.96,0.21,2.10
-0.97,0.19,2.10
-0.98,0.15,2.10
-1.13,0.14,2.10
-0.99,0.09,2.10
-0.72,0.05,2.10
-0.89,0.03,2.10
-1.57,0.00,2.20
-1.62,-0.05,2.20
-1.59,-0.10,2.20
-1.55,-0.15,2.20
-1.47,-0.19,2.20
-1.58,-0.25,2.20
-1.36,-0.26,2.20
-1.52,-0.34,2.20
-1.55,-0.40,2.20
-1.65,-0.48,2.20
-1.77,-0.58,2.20
-1.68,-0.61,2.20
-1.79,-0.71,2.20
-1.77,-0.77,2.20
-1.71,-0.80,2.20
-1.50,-0.76,2.20
-1.57,-0.86,2.20
-1.53,-0.90,2.20
-0.99,-0.63,2.20
-0.63,-0.43,2.20
0.82,0.59,2.20
1.12,0.87,2.20
1.75,1.45,2.20
2.19,1.93,2.20
2.40,2.25,2.20
2.53,2.53,2.20
2.36,2.51,2.20
2.30,2.61,2.20
2.16,2.61,2.20
1.99,2.57,2.20
1.84,2.53,2.20
1.67,2.46,2.20
1.56,2.47,2.20
1.51,2.55,2.20
1.38,2.51,2.20
1.26,2.47,2.20
1.10,2.34,2.20
0.93,2.14,2.20
0.88,2.22,2.20
0.74,2.06,2.20
0.67,2.05,2.20
0.61,2.08,2.20
0.55,2.12,2.20
0.47,2.10,2.20
0.41,2.17,2.20
0.33,2.08,2.20
0.28,2.21,2.20
0.20,2.12,2.20
0.15,2.32,2.20
0.07,2.19,2.20
-0.00,2.07,2.20
-0.07,2.27,2.20
-0.13,2.10,2.20
-0.19,1.99,2.20
-0.27,2.11,2.20
-0.31,1.93,2.20
-0.36,1.89,2.20
-0.41,1.85,2.20
-0.49,1.89,2.20
-0.56,1.93,2.20
-0.63,1.92,2.20
-0.70,1.93,2.20
-0.73,1.85,2.20
-0.77,1.77,2.20
-0.88,1.87,2.20
-0.90,1.77,2.20
-0.99,1.81,2.20
-1.01,1.71,2.20
-1.19,1.87,2.20
-1.23,1.82,2.20
-1.30,1.79,2.20
-1.34,1.73,2.20
-1.36,1.65,2.20
-1.51,1.71,2.20
-1.44,1.53,2.20
-1.56,1.56,2.20
-1.71,1.60,2.20
-1.83,1.62,2.20
-1.83,1.51,2.20
-2.02,1.56,2.20
-2.11,1.54,2.20
-2.05,1.40,2.20
-2.21,1.40,2.20
-2.16,1.28,2.20
-2.37,1.30,2.20
-2.33,1.19,2.20
-2.37,1.12,2.20
-2.41,1.04,2.20
-2.55,1.01,2.20
-2.65,0.95,2.20
-2.48,0.80,2.20
-2.36,0.69,2.20
-2.40,0.62,2.20
-2.46,0.55,2.20
-2.47,0.47,2.20
-2.56,0.41,2.20
-2.70,0.34,2.20
-2.71,0.26,2.20
-2.64,0.17,2.20
-2.80,0.09,2.20
-2.66,-0.00,2.20
-2.69,-0.08,2.20
-2.67,-0.17,2.20
-2.68,-0.25,2.20
-2.68,-0.34,2.20
-2.72,-0.43,2.20
-2.72,-0.52,2.20
-2.68,-0.60,2.20
-2.61,-0.67,2.20
-2.56,-0.74,2.20
-2.57,-0.83,2.20
-2.50,-0.90,2.20
-2.55,-1.01,2.20
-2.47,-1.07,2.20
-2.53,-1.19,2.20
-2.54,-1.30,2.20
-2.39,-1.31,2.20
-2.34,-1.39,2.20
-2.32,-1.47,2.20
-2.27,-1.54,2.20
-2.21,-1.60,2.20
-2.22,-1.72,2.20
-2.08,-1.72,2.20
-1.94,-1.71,2.20
-1.89,-1.77,2.20
-1.79,-1.79,2.20
-1.76,-1.87,2.20
-1.64,-1.86,2.20
-1.58,-1.90,2.20
-1.53,-1.98,2.20
-1.47,-2.02,2.20
-1.42,-2.10,2.20
-1.39,-2.19,2.20
-1.31,-2.21,2.20
-1.14,-2.08,2.20
-1.09,-2.14,2.20
-0.98,-2.08,2.20
-0.93,-2.14,2.20
-0.89,-2.24,2.20
-0.79,-2.20,2.20
-0.70,-2.16,2.20
-0.66,-2.29,2.20
-0.59,-2.31,2.20
-0.49,-2.20,2.20
-0.45,-2.38,2.20
-0.37,-2.33,2.20
-0.31,-2.43,2.20
-0.24,-2.59,2.20
-0.16,-2.49,2.20
-0.08,-2.46,2.20
0.00,-2.51,2.20
0.08,-2.50,2.20
0.15,-2.31,2.20
0.22,-2.34,2.20
0.32,-2.55,2.20
0.38,-2.39,2.20
0.46,-2.44,2.20
0.54,-2.40,2.20
0.66,-2.56,2.20
0.78,-2.68,2.20
0.88,-2.71,2.20
0.99,-2.75,2.20
1.10,-2.77,2.20
1.14,-2.64,2.20
1.30,-2.76,2.20
1.42,-2.78,2.20
1.59,-2.88,2.20
1.73,-2.92,2.20
1.93,-3.04,2.20
2.03,-2.99,2.20
2.13,-2.93,2.20
2.16,-2.79,2.20
2.13,-2.57,2.20
2.19,-2.49,2.20
2.13,-2.27,2.20
2.18,-2.18,2.20
1.89,-1.78,2.20
1.77,-1.56,2.20
1.32,-1.09,2.20
1.07,-0.83,2.20
0.65,-0.47,2.20
0.53,-0.36,2.20
0.50,-0.32,2.20
0.35,-0.21,2.20
-0.46,0.25,2.20
-0.69,0.35,2.20
-0.89,0.42,2.20
-1.00,0.43,2.20
-1.10,0.43,2.20
-1.01,0.36,2.20
-0.85,0.28,2.20
-1.22,0.36,2.20
-1.50,0.38,2.20
-1.54,0.34,2.20
-1.57,0.30,2.20
-1.62,0.26,2.20
-1.64,0.21,2.20
-1.54,0.15,2.20
-1.50,0.09,2.20
-1.43,0.04,2.20
-1.89,0.00,2.30
-1.85,-0.06,2.30
-1.85,-0.12,2.30
-1.90,-0.18,2.30
-1.91,-0.24,2.30
-1.61,-0.25,2.30
-1.52,-0.29,2.30
-1.72,-0.39,2.30
-1.90,-0.49,2.30
-2.03,-0.59,2.30
-1.79,-0.58,2.30
-2.00,-0.72,2.30
-2.30,-0.91,2.30
-2.28,-0.99,2.30
-2.06,-0.97,2.30
-2.10,-1.07,2.30
-1.98,-1.09,2.30
-1.67,-0.99,2.30
-1.60,-1.01,2.30
-1.21,-0.83,2.30
-0.24,-0.17,2.30
0.14,0.11,2.30
1.11,0.92,2.30
1.48,1.31,2.30
2.04,1.92,2.30
2.19,2.19,2.30
2.25,2.40,2.30
2.16,2.45,2.30
2.00,2.42,2.30
1.93,2.49,2.30
1.77,2.44,2.30
1.54,2.27,2.30
1.35,2.13,2.30
1.25,2.11,2.30
1.23,2.23,2.30
1.14,2.24,2.30
0.96,2.05,2.30
0.85,1.96,2.30
0.74,1.88,2.30
0.68,1.89,2.30
0.57,1.75,2.30
0.55,1.88,2.30
0.49,1.90,2.30
0.45,2.02,2.30
0.39,2.05,2.30
0.30,1.88,2.30
0.24,1.93,2.30
0.19,2.04,2.30
0.12,1.93,2.30
0.06,1.91,2.30
-0.00,1.86,2.30
-0.05,1.65,2.30
-0.11,1.72,2.30
-0.16,1.74,2.30
-0.21,1.63,2.30
-0.25,1.61,2.30
-0.27,1.42,2.30
-0.31,1.38,2.30
-0.36,1.40,2.30
-0.41,1.40,2.30
-0.46,1.42,2.30
-0.56,1.54,2.30
-0.58,1.46,2.30
-0.59,1.37,2.30
-0.71,1.51,2.30
-0.85,1.66,2.30
-0.85,1.55,2.30
-0.89,1.51,2.30
-1.11,1.76,2.30
-1.13,1.66,2.30
-1.18,1.62,2.30
-1.18,1.53,2.30
-1.26,1.52,2.30
-1.37,1.56,2.30
-1.42,1.51,2.30
-1.60,1.60,2.30
-1.54,1.45,2.30
-1.59,1.40,2.30
-1.77,1.46,2.30
-1.88,1.46,2.30
-1.91,1.39,2.30
-1.96,1.33,2.30
-1.94,1.23,2.30
-1.98,1.17,2.30
-2.10,1.15,2.30
-2.19,1.11,2.30
-2.27,1.07,2.30
-2.28,0.99,2.30
-2.40,0.95,2.30
-2.34,0.84,2.30
-2.42,0.78,2.30
-2.39,0.70,2.30
-2.32,0.60,2.30
-2.31,0.52,2.30
-2.46,0.47,2.30
-2.49,0.39,2.30
-2.53,0.32,2.30
-2.51,0.24,2.30
-2.48,0.16,2.30
-2.70,0.08,2.30
-2.73,-0.00,2.30
-2.87,-0.09,2.30
-2.72,-0.17,2.30
-2.71,-0.26,2.30
-2.86,-0.36,2.30
-2.75,-0.44,2.30
-2.73,-0.52,2.30
-2.66,-0.60,2.30
-2.62,-0.67,2.30
-2.57,-0.75,2.30
-2.56,-0.83,2.30
-2.82,-1.02,2.30
-2.49,-0.99,2.30
-2.53,-1.09,2.30
-2.51,-1.18,2.30
-2.42,-1.23,2.30
-2.21,-1.21,2.30
-2.14,-1.27,2.30
-2.15,-1.37,2.30
-2.04,-1.39,2.30
-2.02,-1.46,2.30
-2.03,-1.58,2.30
-1.92,-1.59,2.30
-1.89,-1.67,2.30
-1.71,-1.61,2.30
-1.67,-1.67,2.30
-1.60,-1.70,2.30
-1.52,-1.73,2.30
-1.49,-1.80,2.30
-1.46,-1.88,2.30
-1.45,-1.99,2.30
-1.30,-1.91,2.30
-1.22,-1.92,2.30
-1.18,-1.99,2.30
-1.12,-2.04,2.30
-0.98,-1.92,2.30
-0.92,-1.95,2.30
-0.85,-1.97,2.30
-0.79,-1.99,2.30
-0.76,-2.12,2.30
-0.66,-2.04,2.30
-0.62,-2.12,2.30
-0.53,-2.08,2.30
-0.48,-2.13,2.30
-0.40,-2.11,2.30
-0.33,-2.07,2.30
-0.27,-2.15,2.30
-0.19,-2.06,2.30
-0.14,-2.24,2.30
-0.07,-2.34,2.30
0.00,-2.16,2.30
0.07,-2.22,2.30
0.13,-2.14,2.30
0.19,-2.06,2.30
0.27,-2.11,2.30
0.33,-2.09,2.30
0.41,-2.14,2.30
0.48,-2.14,2.30
0.56,-2.19,2.30
0.66,-2.27,2.30
0.72,-2.21,2.30
0.83,-2.30,2.30
0.93,-2.35,2.30
1.02,-2.35,2.30
1.12,-2.38,2.30
1.24,-2.44,2.30
1.45,-2.63,2.30
1.58,-2.67,2.30
1.85,-2.92,2.30
1.98,-2.92,2.30
2.00,-2.75,2.30
2.00,-2.57,2.30
1.96,-2.37,2.30
1.97,-2.23,2.30
1.75,-1.86,2.30
1.64,-1.64,2.30
1.38,-1.29,2.30
1.02,-0.90,2.30
0.50,-0.41,2.30
0.35,-0.27,2.30
-0.14,0.10,2.30
0.11,-0.07,2.30
-0.29,0.18,2.30
-0.62,0.37,2.30
-0.97,0.53,2.30
-1.15,0.59,2.30
-1.43,0.67,2.30
-1.45,0.63,2.30
-1.45,0.57,2.30
-1.58,0.57,2.30
-1.72,0.56,2.30
-1.65,0.48,2.30
-1.71,0.44,2.30
-1.86,0.42,2.30
-1.79,0.34,2.30
-1.79,0.28,2.30
-1.77,0.22,2.30
-1.95,0.18,2.30
-1.72,0.11,2.30
-1.86,0.06,2.30
-1.99,0.00,2.40
-2.18,-0.07,2.40
-2.21,-0.14,2.40
-1.96,-0.19,2.40
-2.00,-0.25,2.40
-2.23,-0.35,2.40
-1.97,-0.38,2.40
-2.42,-0.54,2.40
-2.42,-0.62,2.40
-2.31,-0.67,2.40
-2.50,-0.81,2.40
-2.68,-0.97,2.40
-2.87,-1.14,2.40
-2.81,-1.22,2.40
-2.82,-1.33,2.40
-2.86,-1.46,2.40
-2.87,-1.58,2.40
-2.83,-1.68,2.40
-2.41,-1.53,2.40
-2.08,-1.41,2.40
-1.42,-1.03,2.40
-1.21,-0.94,2.40
-0.00,-0.00,2.40
0.77,0.68,2.40
1.58,1.49,2.40
1.87,1.87,2.40
2.02,2.15,2.40
1.99,2.25,2.40
1.85,2.23,2.40
1.66,2.14,2.40
1.50,2.06,2.40
1.42,2.08,2.40
1.25,1.97,2.40
1.08,1.83,2.40
1.06,1.92,2.40
0.95,1.87,2.40
0.80,1.70,2.40
0.67,1.55,2.40
0.55,1.40,2.40
0.55,1.52,2.40
0.44,1.35,2.40
0.37,1.28,2.40
0.33,1.27,2.40
0.29,1.29,2.40
0.26,1.35,2.40
0.22,1.40,2.40
0.18,1.44,2.40
0.13,1.38,2.40
0.09,1.39,2.40
0.05,1.50,2.40
-0.00,1.33,2.40
-0.04,1.30,2.40
-0.08,1.35,2.40
-0.12,1.28,2.40
-0.16,1.26,2.40
-0.20,1.24,2.40
-0.22,1.16,2.40
-0.23,1.05,2.40
-0.28,1.07,2.40
-0.30,1.04,2.40
-0.36,1.09,2.40
-0.38,1.04,2.40
-0.42,1.05,2.40
-0.42,0.98,2.40
-0.55,1.17,2.40
-0.58,1.15,2.40
-0.63,1.14,2.40
-0.65,1.10,2.40
-0.79,1.24,2.40
-0.82,1.21,2.40
-0.95,1.30,2.40
-0.98,1.26,2.40
-1.04,1.26,2.40
-1.15,1.31,2.40
-1.14,1.21,2.40
-1.16,1.16,2.40
-1.40,1.31,2.40
-1.54,1.36,2.40
-1.48,1.22,2.40
-1.55,1.20,2.40
-1.64,1.19,2.40
-1.80,1.22,2.40
-1.79,1.13,2.40
-1.82,1.08,2.40
-2.00,1.10,2.40
-2.02,1.03,2.40
-2.06,0.97,2.40
-2.14,0.93,2.40
-2.26,0.89,2.40
-2.16,0.78,2.40
-2.34,0.76,2.40
-2.23,0.65,2.40
-2.13,0.55,2.40
-2.18,0.49,2.40
-2.07,0.40,2.40
-2.31,0.37,2.40
-2.34,0.30,2.40
-2.40,0.23,2.40
-2.44,0.15,2.40
-2.29,0.07,2.40
-2.43,-0.00,2.40
-2.48,-0.08,2.40
-2.62,-0.16,2.40
-2.60,-0.25,2.40
-2.47,-0.31,2.40
-2.40,-0.38,2.40
-2.54,-0.48,2.40
-2.59,-0.58,2.40
-2.54,-0.65,2.40
-2.38,-0.69,2.40
-2.35,-0.77,2.40
-2.38,-0.86,2.40
-2.38,-0.94,2.40
-2.37,-1.03,2.40
-2.25,-1.06,2.40
-2.35,-1.20,2.40
-2.03,-1.12,2.40
-1.93,-1.14,2.40
-1.97,-1.25,2.40
-1.97,-1.34,2.40
-1.90,-1.38,2.40
-1.83,-1.42,2.40
-1.78,-1.48,2.40
-1.73,-1.53,2.40
-1.52,-1.43,2.40
-1.55,-1.55,2.40
-1.45,-1.55,2.40
-1.44,-1.63,2.40
-1.31,-1.59,2.40
-1.35,-1.74,2.40
-1.28,-1.76,2.40
-1.19,-1.75,2.40
-1.18,-1.87,2.40
-1.02,-1.73,2.40
-0.95,-1.73,2.40
-0.89,-1.76,2.40
-0.74,-1.57,2.40
-0.68,-1.56,2.40
-0.64,-1.61,2.40
-0.54,-1.49,2.40
-0.46,-1.41,2.40
-0.42,-1.43,2.40
-0.44,-1.71,2.40
-0.36,-1.59,2.40
-0.30,-1.59,2.40
-0.26,-1.62,2.40
-0.23,-1.83,2.40
-0.16,-1.66,2.40
-0.10,-1.61,2.40
-0.05,-1.58,2.40
0.00,-1.51,2.40
0.05,-1.50,2.40
0.09,-1.37,2.40
0.12,-1.27,2.40
0.16,-1.27,2.40
0.21,-1.30,2.40
0.26,-1.36,2.40
0.28,-1.26,2.40
0.31,-1.20,2.40
0.35,-1.21,2.40
0.46,-1.40,2.40
0.48,-1.34,2.40
0.63,-1.58,2.40
0.66,-1.53,2.40
0.85,-1.80,2.40
0.98,-1.93,2.40
1.18,-2.15,2.40
1.36,-2.31,2.40
1.60,-2.53,2.40
1.75,-2.58,2.40
1.81,-2.49,2.40
1.90,-2.45,2.40
1.57,-1.90,2.40
1.60,-1.81,2.40
1.39,-1.48,2.40
1.06,-1.06,2.40
0.63,-0.59,2.40
0.18,-0.16,2.40
-0.67,0.55,2.40
-1.04,0.80,2.40
-1.11,0.81,2.40
-0.97,0.66,2.40
-1.17,0.74,2.40
-1.29,0.77,2.40
-1.48,0.81,2.40
-1.67,0.85,2.40
-1.84,0.87,2.40
-1.71,0.74,2.40
-2.06,0.82,2.40
-2.17,0.78,2.40
-1.98,0.64,2.40
-1.92,0.56,2.40
-2.44,0.63,2.40
-2.66,0.59,2.40
-2.54,0.48,2.40
-2.18,0.35,2.40
-2.37,0.30,2.40
-2.34,0.22,2.40
-2.40,0.15,2.40
-2.08,0.07,2.40
-3.13,0.00,2.50
-3.01,-0.09,2.50
-2.96,-0.19,2.50
-2.92,-0.28,2.50
-3.12,-0.39,2.50
-3.15,-0.50,2.50
-2.97,-0.57,2.50
-3.00,-0.67,2.50
-3.05,-0.78,2.50
-3.10,-0.90,2.50
-3.31,-1.08,2.50
-3.35,-1.21,2.50
-3.35,-1.32,2.50
-3.64,-1.58,2.50
-3.72,-1.75,2.50
-3.48,-1.78,2.50
-3.61,-1.99,2.50
-3.33,-1.97,2.50
-3.13,-1.99,2.50
-2.85,-1.94,2.50
-2.67,-1.94,2.50
-2.28,-1.77,2.50
-0.97,-0.80,2.50
0.01,0.01,2.50
1.04,0.98,2.50
1.47,1.47,2.50
1.61,1.71,2.50
1.67,1.89,2.50
1.53,1.85,2.50
1.44,1.86,2.50
1.28,1.77,2.50
1.13,1.66,2.50
0.96,1.51,2.50
0.85,1.44,2.50
0.78,1.42,2.50
0.60,1.18,2.50
0.51,1.09,2.50
0.46,1.07,2.50
0.38,0.96,2.50
0.25,0.70,2.50
0.23,0.70,2.50
0.18,0.62,2.50
0.13,0.51,2.50
0.05,0.24,2.50
0.09,0.46,2.50
0.06,0.35,2.50
0.07,0.54,2.50
0.03,0.30,2.50
0.04,0.70,2.50
0.03,1.02,2.50
-0.00,0.74,2.50
-0.01,0.46,2.50
-0.03,0.54,2.50
-0.05,0.53,2.50
-0.07,0.57,2.50
-0.07,0.47,2.50
-0.10,0.53,2.50
-0.13,0.56,2.50
-0.13,0.50,2.50
-0.14,0.49,2.50
-0.11,0.35,2.50
-0.17,0.46,2.50
-0.09,0.22,2.50
-0.17,0.39,2.50
-0.22,0.47,2.50
-0.21,0.42,2.50
-0.28,0.52,2.50
-0.32,0.54,2.50
-0.48,0.76,2.50
-0.64,0.94,2.50
-0.59,0.81,2.50
-0.62,0.80,2.50
-0.71,0.86,2.50
-0.74,0.84,2.50
-0.87,0.92,2.50
-0.95,0.95,2.50
-1.09,1.02,2.50
-1.12,0.99,2.50
-1.21,1.00,2.50
-1.14,0.89,2.50
-1.40,1.02,2.50
-1.58,1.07,2.50
-1.51,0.96,2.50
-1.41,0.84,2.50
-1.68,0.92,2.50
-1.71,0.87,2.50
-1.94,0.91,2.50
-2.00,0.86,2.50
-2.02,0.80,2.50
-1.84,0.66,2.50
-1.90,0.62,2.50
-2.04,0.59,2.50
-1.87,0.48,2.50
-1.90,0.42,2.50
-1.85,0.35,2.50
-2.06,0.33,2.50
-2.01,0.25,2.50
-1.94,0.18,2.50
-2.07,0.13,2.50
-2.18,0.07,2.50
-2.14,-0.00,2.50
-2.30,-0.07,2.50
-2.41,-0.15,2.50
-2.29,-0.22,2.50
-2.40,-0.30,2.50
-2.37,-0.38,2.50
-2.31,-0.44,2.50
-2.21,-0.49,2.50
-2.32,-0.60,2.50
-2.28,-0.66,2.50
-2.37,-0.77,2.50
-2.21,-0.79,2.50
-2.11,-0.84,2.50
-2.12,-0.92,2.50
-2.01,-0.94,2.50
-1.96,-1.00,2.50
-1.94,-1.07,2.50
-1.92,-1.14,2.50
-1.68,-1.06,2.50
-1.67,-1.14,2.50
-1.50,-1.09,2.50
-1.53,-1.19,2.50
-1.48,-1.22,2.50
-1.51,-1.33,2.50
-1.24,-1.16,2.50
-1.29,-1.29,2.50
-1.17,-1.24,2.50
-1.04,-1.18,2.50
-1.04,-1.25,2.50
-0.92,-1.18,2.50
-0.87,-1.20,2.50
-0.89,-1.31,2.50
-0.77,-1.22,2.50
-0.72,-1.22,2.50
-0.66,-1.21,2.50
-0.58,-1.13,2.50
-0.54,-1.15,2.50
-0.48,-1.10,2.50
-0.39,-0.99,2.50
-0.28,-0.79,2.50
-0.19,-0.58,2.50
-0.19,-0.67,2.50
-0.17,-0.64,2.50
-0.17,-0.76,2.50
-0.14,-0.74,2.50
-0.11,-0.67,2.50
-0.08,-0.67,2.50
-0.06,-0.67,2.50
-0.03,-0.49,2.50
-0.02,-0.49,2.50
0.00,-0.54,2.50
0.01,-0.36,2.50
0.01,-0.10,2.50
-0.00,0.02,2.50
-0.02,0.16,2.50
-0.02,0.12,2.50
-0.02,0.12,2.50
-0.04,0.19,2.50
-0.04,0.15,2.50
-0.02,0.06,2.50
0.16,-0.50,2.50
0.10,-0.27,2.50
0.15,-0.39,2.50
0.08,-0.19,2.50
0.32,-0.68,2.50
0.52,-1.01,2.50
0.68,-1.23,2.50
0.82,-1.39,2.50
1.16,-1.82,2.50
1.29,-1.90,2.50
1.45,-1.99,2.50
1.48,-1.91,2.50
1.28,-1.55,2.50
1.10,-1.24,2.50
0.72,-0.76,2.50
0.54,-0.54,2.50
-0.64,0.60,2.50
-1.36,1.20,2.50
-2.01,1.66,2.50
-2.08,1.61,2.50
-1.91,1.39,2.50
-1.71,1.16,2.50
-1.67,1.06,2.50
-1.94,1.15,2.50
-2.20,1.21,2.50
-2.39,1.22,2.50
-2.49,1.17,2.50
-2.76,1.19,2.50
-2.95,1.17,2.50
-3.00,1.08,2.50
-2.73,0.89,2.50
-2.96,0.86,2.50
-3.04,0.78,2.50
-2.69,0.60,2.50
-2.95,0.56,2.50
-2.75,0.44,2.50
-3.01,0.38,2.50
-3.29,0.31,2.50
-2.95,0.19,2.50
-3.15,0.10,2.50
-3.69,0.00,2.60
-4.02,-0.13,2.60
-3.66,-0.23,2.60
-3.98,-0.38,2.60
-3.90,-0.49,2.60
-4.09,-0.65,2.60
-3.97,-0.76,2.60
-3.90,-0.87,2.60
-4.44,-1.14,2.60
-4.29,-1.25,2.60
-4.41,-1.43,2.60
-4.39,-1.58,2.60
-4.44,-1.76,2.60
-4.45,-1.93,2.60
-4.44,-2.09,2.60
-4.47,-2.28,2.60
-4.45,-2.45,2.60
-4.30,-2.54,2.60
-4.35,-2.76,2.60
-4.04,-2.75,2.60
-3.88,-2.82,2.60
-3.78,-2.93,2.60
-2.05,-1.70,2.60
-1.13,-1.00,2.60
0.47,0.44,2.60
0.84,0.84,2.60
1.04,1.11,2.60
1.15,1.31,2.60
1.01,1.22,2.60
0.90,1.16,2.60
0.79,1.09,2.60
0.70,1.03,2.60
0.34,0.54,2.60
0.16,0.27,2.60
0.04,0.07,2.60
-0.24,-0.46,2.60
-0.39,-0.83,2.60
-0.45,-1.04,2.60
-0.64,-1.61,2.60
-0.62,-1.72,2.60
-0.59,-1.81,2.60
-0.59,-2.01,2.60
-0.56,-2.18,2.60
-0.52,-2.34,2.60
-0.45,-2.33,2.60
-0.33,-2.11,2.60
-0.25,-1.98,2.60
-0.21,-2.22,2.60
-0.14,-2.30,2.60
-0.07,-2.16,2.60
0.00,-1.95,2.60
0.06,-2.00,2.60
0.12,-1.97,2.60
0.19,-2.02,2.60
0.30,-2.41,2.60
0.41,-2.62,2.60
0.49,-2.58,2.60
0.60,-2.68,2.60
0.71,-2.78,2.60
0.74,-2.56,2.60
0.77,-2.38,2.60
0.93,-2.58,2.60
0.96,-2.43,2.60
0.86,-1.99,2.60
0.96,-2.04,2.60
0.88,-1.74,2.60
0.82,-1.50,2.60
0.81,-1.36,2.60
0.48,-0.75,2.60
0.69,-1.02,2.60
0.43,-0.59,2.60
0.39,-0.50,2.60
0.35,-0.42,2.60
0.27,-0.31,2.60
-0.24,0.25,2.60
-0.33,0.33,2.60
-0.52,0.49,2.60
-0.55,0.48,2.60
-0.77,0.63,2.60
-0.50,0.39,2.60
-0.68,0.49,2.60
-0.78,0.53,2.60
-0.86,0.54,2.60
-0.91,0.54,2.60
-1.16,0.64,2.60
-1.12,0.57,2.60
-1.33,0.63,2.60
-1.35,0.58,2.60
-1.30,0.52,2.60
-1.49,0.54,2.60
-1.24,0.40,2.60
-1.18,0.34,2.60
-1.09,0.28,2.60
-1.08,0.24,2.60
-1.23,0.23,2.60
-1.08,0.17,2.60
-1.30,0.16,2.60
-1.31,0.12,2.60
-1.61,0.10,2.60
-1.42,0.04,2.60
-1.75,-0.00,2.60
-1.81,-0.06,2.60
-1.85,-0.12,2.60
-1.98,-0.19,2.60
-1.92,-0.24,2.60
-2.01,-0.32,2.60
-1.99,-0.38,2.60
-1.94,-0.43,2.60
-1.87,-0.48,2.60
-1.78,-0.52,2.60
-1.81,-0.59,2.60
-1.87,-0.67,2.60
-1.88,-0.74,2.60
-1.64,-0.71,2.60
-1.73,-0.82,2.60
-1.65,-0.84,2.60
-1.41,-0.77,2.60
-1.38,-0.82,2.60
-1.25,-0.79,2.60
-1.06,-0.72,2.60
-1.04,-0.76,2.60
-0.88,-0.68,2.60
-0.85,-0.70,2.60
-0.81,-0.72,2.60
-0.75,-0.70,2.60
-0.78,-0.78,2.60
-0.65,-0.70,2.60
-0.55,-0.62,2.60
-0.33,-0.40,2.60
-0.32,-0.41,2.60
-0.41,-0.56,2.60
-0.29,-0.42,2.60
-0.17,-0.26,2.60
-0.17,-0.28,2.60
-0.02,-0.03,2.60
0.16,0.32,2.60
0.32,0.69,2.60
0.36,0.84,2.60
0.40,1.00,2.60
0.52,1.44,2.60
0.53,1.63,2.60
0.52,1.79,2.60
0.48,1.86,2.60
0.39,1.74,2.60
0.35,1.82,2.60
0.31,1.95,2.60
0.29,2.31,2.60
0.18,1.86,2.60
0.14,2.16,2.60
0.07,2.12,2.60
-0.00,2.26,2.60
-0.08,2.56,2.60
-0.16,2.47,2.60
-0.27,2.84,2.60
-0.38,2.98,2.60
-0.44,2.79,2.60
-0.55,2.90,2.60
-0.61,2.75,2.60
-0.65,2.55,2.60
-0.66,2.29,2.60
-0.79,2.42,2.60
-0.89,2.47,2.60
-0.88,2.22,2.60
-0.93,2.16,2.60
-0.72,1.54,2.60
-0.59,1.15,2.60
-0.08,0.14,2.60
0.28,-0.48,2.60
0.39,-0.61,2.60
0.55,-0.80,2.60
0.71,-0.98,2.60
0.66,-0.85,2.60
0.48,-0.59,2.60
0.30,-0.34,2.60
-0.52,0.55,2.60
-1.26,1.26,2.60
-2.06,1.94,2.60
-2.74,2.42,2.60
-2.98,2.47,2.60
-3.23,2.51,2.60
-3.11,2.26,2.60
-3.00,2.04,2.60
-2.92,1.86,2.60
-3.15,1.86,2.60
-3.29,1.81,2.60
-3.44,1.75,2.60
-3.64,1.71,2.60
-3.89,1.69,2.60
-3.90,1.54,2.60
-4.09,1.47,2.60
-4.19,1.36,2.60
-4.29,1.25,2.60
-3.94,1.01,2.60
-4.18,0.93,2.60
-4.08,0.78,2.60
-3.88,0.61,2.60
-4.21,0.53,2.60
-3.88,0.37,2.60
-3.97,0.25,2.60
-3.92,0.12,2.60
-4.75,0.00,2.70
-4.80,-0.15,2.70
-4.80,-0.30,2.70
-4.71,-0.45,2.70
-4.87,-0.61,2.70
-4.78,-0.76,2.70
-4.92,-0.94,2.70
-4.96,-1.11,2.70
-5.15,-1.32,2.70
-5.13,-1.49,2.70
-5.45,-1.77,2.70
-5.27,-1.90,2.70
-5.34,-2.12,2.70
-4.13,-3.42,2.70
-3.52,-3.10,2.70
-1.47,-1.38,2.70
-0.92,-0.92,2.70
-0.38,-0.40,2.70
-0.09,-0.11,2.70
-0.25,-0.30,2.70
-0.35,-0.45,2.70
-0.59,-0.81,2.70
-0.68,-1.00,2.70
-1.41,-2.23,2.70
-1.57,-2.66,2.70
-2.04,-3.71,2.70
-2.19,-4.29,2.70
-2.29,-4.86,2.70
-2.15,-4.98,2.70
-2.13,-5.37,2.70
-1.79,-5.52,2.70
1.76,-5.41,2.70
1.93,-5.35,2.70
2.06,-5.20,2.70
2.25,-5.20,2.70
2.35,-5.00,2.70
2.44,-4.80,2.70
2.58,-4.69,2.70
2.72,-4.60,2.70
2.77,-4.36,2.70
2.85,-4.19,2.70
2.93,-4.03,2.70
3.02,-3.89,2.70
2.64,-3.19,2.70
2.73,-3.09,2.70
1.96,-2.09,2.70
2.01,-2.01,2.70
1.68,-1.57,2.70
1.69,-1.49,2.70
1.79,-1.48,2.70
1.57,-1.22,2.70
1.27,-0.93,2.70
1.37,-0.93,2.70
0.94,-0.60,2.70
0.61,-0.36,2.70
0.29,-0.16,2.70
-0.30,0.15,2.70
-0.34,0.16,2.70
-0.24,0.10,2.70
-0.39,0.16,2.70
-0.42,0.15,2.70
-0.25,0.08,2.70
0.15,-0.04,2.70
0.97,-0.25,2.70
1.00,-0.22,2.70
0.92,-0.18,2.70
1.08,-0.17,2.70
0.88,-0.11,2.70
0.86,-0.08,2.70
0.58,-0.04,2.70
-0.18,0.01,2.70
-0.54,-0.00,2.70
-0.57,-0.02,2.70
-0.90,-0.06,2.70
-1.03,-0.10,2.70
-1.01,-0.13,2.70
-1.14,-0.18,2.70
-1.31,-0.25,2.70
-1.32,-0.30,2.70
-1.41,-0.36,2.70
-1.29,-0.38,2.70
-1.20,-0.39,2.70
-1.12,-0.40,2.70
-0.86,-0.34,2.70
-0.97,-0.42,2.70
-0.63,-0.29,2.70
-0.51,-0.26,2.70
-0.37,-0.20,2.70
-0.50,-0.29,2.70
-0.43,-0.27,2.70
-0.14,-0.09,2.70
0.37,0.27,2.70
0.53,0.41,2.70
0.60,0.50,2.70
0.59,0.52,2.70
0.84,0.79,2.70
0.87,0.87,2.70
1.07,1.14,2.70
1.08,1.23,2.70
1.21,1.47,2.70
1.41,1.81,2.70
1.52,2.10,2.70
1.61,2.37,2.70
2.03,3.20,2.70
1.99,3.36,2.70
2.11,3.83,2.70
2.08,4.08,2.70
1.93,4.11,2.70
1.85,4.28,2.70
1.79,4.51,2.70
1.65,4.58,2.70
1.55,4.77,2.70
1.42,4.87,2.70
1.28,4.99,2.70
1.12,5.02,2.70
0.96,5.03,2.70
0.79,4.99,2.70
0.63,4.99,2.70
0.50,5.28,2.70
0.32,5.10,2.70
0.16,5.24,2.70
-0.00,5.23,2.70
-0.17,5.35,2.70
-0.33,5.25,2.70
-0.49,5.15,2.70
-0.64,5.09,2.70
-0.82,5.18,2.70
-1.02,5.34,2.70
-1.17,5.22,2.70
-1.33,5.17,2.70
-1.51,5.19,2.70
-1.64,5.05,2.70
-1.81,5.02,2.70
-1.89,4.77,2.70
-2.04,4.72,2.70
-2.02,4.29,2.70
-2.08,4.07,2.70
-1.86,3.39,2.70
-1.82,3.08,2.70
-1.36,2.14,2.70
-1.14,1.68,2.70
-1.06,1.46,2.70
-1.11,1.43,2.70
-1.65,1.99,2.70
-1.93,2.19,2.70
-2.75,2.93,2.70
-3.19,3.19,2.70
-3.45,3.24,2.70
-3.70,3.26,2.70
-3.61,2.99,2.70
-3.84,2.98,2.70
-3.88,2.82,2.70
-4.01,2.73,2.70
-4.20,2.67,2.70
-4.42,2.61,2.70
-4.69,2.58,2.70
-4.77,2.43,2.70
-4.94,2.33,2.70
-4.97,2.15,2.70
-5.20,2.06,2.70
-5.10,1.84,2.70
-5.12,1.66,2.70
-5.03,1.46,2.70
-5.24,1.35,2.70
-5.16,1.15,2.70
-5.01,0.96,2.70
-4.92,0.78,2.70
-4.90,0.62,2.70
-4.76,0.45,2.70
-4.71,0.30,2.70
-4.90,0.15,2.70
-3.78,-4.29,2.80
-3.56,-4.31,2.80
4.63,-2.94,2.80
4.50,-2.66,2.80
4.17,-2.29,2.80
3.59,-1.83,2.80
3.51,-1.65,2.80
3.72,-1.61,2.80
3.94,-1.56,2.80
4.12,-1.48,2.80
4.33,-1.41,2.80
4.69,-1.36,2.80
5.18,-1.33,2.80
5.60,-1.25,2.80
5.52,-1.05,2.80
5.48,-0.87,2.80
5.62,-0.71,2.80
5.56,-0.53,2.80
5.15,-0.32,2.80
5.07,-0.16,2.80
4.60,0.00,2.80
4.02,0.13,2.80
2.96,0.19,2.80
2.73,0.26,2.80
1.67,0.21,2.80
1.85,0.29,2.80
1.63,0.31,2.80
1.52,0.34,2.80
1.04,0.27,2.80
1.20,0.35,2.80
1.53,0.50,2.80
1.37,0.49,2.80
1.89,0.75,2.80
2.18,0.94,2.80
2.66,1.25,2.80
2.47,1.26,2.80
3.00,1.65,2.80
3.13,1.85,2.80
3.49,2.21,2.80
3.83,2.60,2.80
4.04,2.93,2.80
3.99,3.09,2.80
4.09,3.38,2.80
3.98,3.50,2.80
3.83,3.60,2.80
3.86,3.86,2.80
3.76,4.00,2.80
3.70,4.19,2.80
3.68,4.45,2.80
3.50,4.51,2.80
3.40,4.68,2.80
5.67,0.90,2.90
5.35,1.02,2.90
4.89,1.09,2.90
5.19,1.33,2.90
4.92,1.43,2.90
5.14,1.67,2.90
5.06,1.82,2.90
5.31,2.10,2.90
